100 2.92 0.177583783043385 0.221592653589793
1000 3.14 0.0519653730863159 0.00159265358979299
10000 3.1252 0.0165345848451057 0.0163926535897931
100000 3.14156 0.00519311155897887 3.26535897929858E-05
1000000 3.141344 0.00164235619573343 0.00024865358979298
10000000 3.1422792 0.000519152986050101 0.000686546410206823
100000000 3.14179224 0.000164204460374126 0.000199586410206898
100 2.84 0.181504820872615 0.301592653589793
1000 3.168 0.0513398091153444 0.026407346410207
10000 3.1356 0.0164633308901935 0.00599265358979295
100000 3.13872 0.0051993429984951 0.00287265358979294
1000000 3.142976 0.00164122084541478 0.00138334641020688
10000000 3.1418444 0.000519248626978314 0.000251746410206977
100000000 3.14117032 0.000164247687982239 0.000422333589793045
