-3 -0.999977894851102
-2.875 -0.999952120464865
-2.75 -0.999899338666567
-2.625 -0.999794564994445
-2.5 -0.999592964536606
-2.375 -0.999216952820867
-2.25 -0.99853715334125
-2.125 -0.99734583210427
-2 -0.995322139581219
-1.875 -0.99198997276661
-1.75 -0.986671652155294
-1.625 -0.978443791119842
-1.5 -0.966105266402972
-1.375 -0.948170209967293
-1.25 -0.922900219942947
-1.125 -0.888388226979099
-1 -0.84270068974759
-0.875 -0.784074925009414
-0.75 -0.711155569636656
-0.625 -0.623240952417462
-0.5 -0.520500016304747
-0.375 -0.40411694412452
-0.25 -0.276326261353527
-0.125 -0.140316192477912
0 9.99999971718069E-10
0.125 0.140316192477912
0.25 0.276326261353527
0.375 0.40411694412452
0.5 0.520500016304747
0.625 0.623240952417462
0.75 0.711155569636656
0.875 0.784074925009414
1 0.84270068974759
1.125 0.888388226979099
1.25 0.922900219942947
1.375 0.948170209967293
1.5 0.966105266402972
1.625 0.978443791119842
1.75 0.986671652155294
1.875 0.99198997276661
2 0.995322139581219
2.125 0.99734583210427
2.25 0.99853715334125
2.375 0.999216952820867
2.5 0.999592964536606
2.625 0.999794564994445
2.75 0.999899338666567
2.875 0.999952120464865
3 0.999977894851102


0.15625 5.95840872788513
0.3125 2.86609174421345
0.46875 1.88933302732829
0.625 1.43451884820048
0.78125 1.18597205894704
0.9375 1.04017701125056
1.09375 0.953900507682524
1.25 0.906402477147098
1.40625 0.886941207641363
1.5625 0.889844381936422
1.71875 0.912325314194744
1.875 0.953445812806137
2.03125 1.01361675875729
2.1875 1.09438073451991
2.34375 1.19836298825054
2.5 1.32934038829072
2.65625 1.49240970007693
2.8125 1.69425486095918
2.96875 1.94352589995614
3.125 2.25135364207838
3.28125 2.63203663296884
3.4375 3.10395154118693
3.59375 3.69075730119049
3.75 4.42298841077002
3.90625 5.34016656918631
4.0625 6.49360558626564
4.21875 7.95014676011247
4.375 9.79714701408267
4.53125 12.1491586841069
4.6875 15.1569001237814
4.84375 19.0193371046668
5 24.0000000029362
5.15625 30.4490840792077
5.3125 38.8334663590113
5.46875 49.777588073529
5.625 64.119288892291
5.78125 82.9862686913645
5.9375 107.90107948975
6.09375 140.925677067793
6.25 184.860962245884
6.40625 243.522948785598
6.5625 322.125968571746
6.71875 427.815755161897
6.875 570.412894905813
7.03125 763.452245925317
7.1875 1025.63973067791
7.34375 1382.89907235704
7.5 1871.25430595485
7.65625 2540.89901982885
7.8125 3461.95443472522
7.96875 4732.6362050877
8.125 6490.86423286866
8.28125 8930.8045964877
8.4375 12326.4919406804
8.59375 17065.6380745031
8.75 23698.1257034024
8.90625 33005.7173731596
9.0625 46102.4766829413
9.21875 64579.7409608201
9.375 90715.8512990589
9.53125 127780.198156586
9.6875 180474.904491694
9.84375 255577.760917575
10 362880.000021302
