# "Time t (days)" "Activity y of ThX (relative units)" "y error" "Fitted data" "Fitted error ++" "Fitted error --" "Fitted error -+""Fitted error +-" 
1 117 6 120.065906534842 123.505553177991 116.7220545238 115.063282719876 125.286030185051
2 100 5 101.232187403333 103.389710778307 99.1196869525785 96.3224666057409 106.392165063728
3 88 4 85.3527538518151 86.5502159195778 84.1718592228335 80.6340420132249 90.347605157803
4 72 4 71.9641921898125 72.4534368007658 71.4782512218597 67.5008537520467 76.7226585985995
6 53 4 51.1580860828242 50.7739161346411 51.5451627705366 47.3032452117836 55.3270660382872
9 29.5 3 30.6627455301724 29.7860673397167 31.5652265445072 27.7500290410735 33.8811884505233
10 25.2 3 25.8529410337674 24.9346916655508 26.8050060157297 23.230271051144 28.7717073392709
13 15.2 2 15.495539665842 14.6277155986093 16.4148494627904 13.627832369959 17.6192180104138
15 11.1 2 11.0155082410163 10.2508098696199 11.8372522123852 9.5501117462786 12.7057593703216
