3 0.05 -0.423571692290537
3.25 0.05 -0.447615972372929
3.5 0.05 -0.4639927063944
3.75 0.05 -0.475211807590942
4 0.05 -0.482922265859152
4.25 0.05 -0.488227414994836
4.5 0.05 -0.491875824740963
4.75 0.05 -0.494380503368932
5 0.05 -0.496095382435942
5.25 0.05 -0.497265568953859
5.5 0.05 -0.498061034358135
5.75 0.05 -0.498599572685993
6 0.05 -0.498962641845546
6.25 0.05 -0.499206387570024
6.5 0.05 -0.499369352211872
6.75 0.05 -0.499477874214969
7 0.05 -0.499549866530362
7.25 0.05 -0.499597453045503
7.5 0.05 -0.499628800399708
7.75 0.05 -0.499649384288059
8 0.05 -0.499662859997596
8.25 0.05 -0.499671657469377
8.5 0.05 -0.499677385767371
8.75 0.05 -0.499681106504068
9 0.05 -0.499683517722282
9.25 0.05 -0.499685076957661
9.5 0.05 -0.499686083222876
9.75 0.05 -0.499686731398006
10 0.05 -0.499687148171649


10 0.03 -0.499886798721311
10 0.08 -0.499201799917117
10 0.13 -0.49790420863764
10 0.18 -0.496013349406776
10 0.23 -0.493555790937846
10 0.28 -0.49056501938817
10 0.33 -0.487080637670206
10 0.38 -0.483145003530545
10 0.43 -0.478803977530663
10 0.48 -0.474103159083525
