0 1.8204287123125E-05
0.05 0.00135325637408506
0.1 0.00355578056277504
0.15 0.00542487279668548
0.2 0.00715385922727747
0.25 0.00882287257268688
0.3 0.010459163028355
0.35 0.0120745695665287
0.4 0.0136750227618836
0.45 0.0152637653835649
0.5 0.016842664440243
0.55 0.0184128169757817
0.6 0.0199748588267701
0.65 0.0215291361737623
0.7 0.0230758011367876
0.75 0.0246148787649326
0.8 0.0261463007359474
0.85 0.0276699345589723
0.9 0.0291855997031416
0.95 0.0306930766184531
1 0.0321921214742333
1.05 0.0336824748971145
1.1 0.0351638554203124
1.15 0.0366359707112776
1.2 0.0380985235757913
1.25 0.0395512037675367
1.3 0.0409937042770801
1.35 0.0424257027285878
1.4 0.0438468865749891
1.45 0.0452569363740119
1.5 0.0466555264147234
1.55 0.048042337537523
1.6 0.0494170533503318
1.65 0.050779341210915
1.7 0.0521288944415189
1.75 0.0534653910379339
1.8 0.0547885137965483
1.85 0.0560979468385368
1.9 0.0573933847833841
1.95 0.0586745108210837
2 0.0599410263754932
2.05 0.0611926190069819
2.1 0.0624289915312323
2.15 0.0636498450595568
2.2 0.0648548886070468
2.25 0.0660438237652708
2.3 0.0672163698413776
2.35 0.0683722442676879
2.4 0.0695111558902971
2.45 0.0706328342658659
2.5 0.071737008864029
2.55 0.0728234098870333
2.6 0.0738917713876371
2.65 0.0749418377476447
2.7 0.0759733468508298
2.75 0.0769860517877783
2.8 0.0779797012516161
2.85 0.0789540554657411
2.9 0.0799088801593961
2.95 0.0808439323761468
3 0.08175899625894
3.05 0.0826538353216115
3.1 0.0835282479453145
3.15 0.0843820002245274
3.2 0.0852148964313254
3.25 0.0860267278652803
3.3 0.0868173049080487
3.35 0.0875864130656525
3.4 0.0883338893838414
3.45 0.0890595351307514
3.5 0.0897631741335022
3.55 0.0904446415521888
3.6 0.0911037646777242
3.65 0.0917403813081441
3.7 0.0923543418830435
3.75 0.0929454906236268
3.8 0.0935136836488234
3.85 0.094058783701395
3.9 0.0945806577636561
3.95 0.0950791672279584
4 0.0955542037659025
4.05 0.0960056538632592
4.1 0.0964333954040356
4.15 0.0968373357720419
4.2 0.0972173622398417
4.25 0.0975733889963996
4.3 0.097905321765932
4.35 0.0982130979673617
4.4 0.0984966335553105
4.45 0.0987558453460474
4.5 0.0989907022108938
4.55 0.0992011036874321
4.6 0.0993870361490883
4.65 0.0995484397080808
4.7 0.0996852699987134
4.75 0.0997975044717068
4.8 0.0998851185064212
4.85 0.0999480751242817
4.9 0.0999863729703761
4.95 0.0999999950199282
5 0.0999889530023183
5.05 0.0999532376842261
5.1 0.0998928581570089
5.15 0.0998078337816466
5.2 0.0996981875906039
5.25 0.0995639534611199
5.3 0.0994051512077859
5.35 0.0992218312502433
5.4 0.0990140372474215
5.45 0.098781813529448
5.5 0.0985252316188993
5.55 0.098244344607874
5.6 0.0979392274747156
5.65 0.0976099600697182
5.7 0.0972566204880803
5.75 0.0968792970037115
5.8 0.0964780751486209
5.85 0.0960530767830204
5.9 0.0956043906796765
5.95 0.0951321245996088
6 0.0946364142015909
6.05 0.0941173666022661
6.1 0.0935751157194583
6.15 0.0930097960654006
6.2 0.0924215543693209
6.25 0.0918105268894369
6.3 0.0911768798749761
6.35 0.0905207517196127
6.4 0.0898423192015285
6.45 0.0891417510256583
6.5 0.0884192176199386
6.55 0.0876749004049259
6.6 0.0869089797064781
6.65 0.0861216488799407
6.7 0.085313108478749
6.75 0.0844835519545106
6.8 0.0836331958296167
6.85 0.0827622481045904
6.9 0.081870908861914
6.95 0.0809594192127821
7 0.0800280083762733
7.05 0.0790768927256867
7.1 0.0781063432846869
7.15 0.0771165452990519
7.2 0.0761077916051429
7.25 0.0750803085213523
7.3 0.0740343800869252
7.35 0.0729702376112383
7.4 0.0718881778176053
7.45 0.0707884353185575
7.5 0.0696713135886353
7.55 0.0685370817342577
7.6 0.067386018711218
7.65 0.0662184302202982
7.7 0.0650345958657191
7.75 0.0638348159954186
7.8 0.0626193948621881
7.85 0.0613886319401654
7.9 0.0601428489851834
7.95 0.0588823485350898
8 0.0576074630192839
8.05 0.0563185100485777
8.1 0.0550158116236071
8.15 0.0536997074415827
8.2 0.0523705389193089
8.25 0.0510286282344868
8.3 0.049674343632238
8.35 0.0483080269111294
8.4 0.0469300290401093
8.45 0.0455407095004985
8.5 0.0441404511671758
8.55 0.042729592270351
8.6 0.041308554154754
8.65 0.0398776854400614
8.7 0.0384373936212523
8.75 0.0369880708244698
8.8 0.0355301362648406
8.85 0.0340640013265293
8.9 0.0325900926405552
8.95 0.0311088678669618
9 0.0296207863092603
9.05 0.0281263266614769
9.1 0.0266260080329618
9.15 0.0251203690020892
9.2 0.0236100017911411
9.25 0.0220955432785778
9.3 0.020577713442786
9.35 0.0190573237832658
9.4 0.0175353341397781
9.45 0.0160128743805573
9.5 0.014491396031448
9.55 0.0129727186491203
9.6 0.0114593158925066
9.65 0.00995460281317046
9.7 0.00846348193130276
9.75 0.00699311222039635
9.8 0.00555376704665572
9.85 0.00415832661659478
9.9 0.0028101530882247
10 0.05 -0.499687148171649
