r	numeric	exact
0.001	0.000999	0.000999
0.0012939	0.0012922	0.0012922
0.0015811	0.0015786	0.0015786
0.0018821	0.0018785	0.0018785
0.0022028	0.0021979	0.0021979
0.002545	0.0025386	0.0025386
0.0029091	0.0029006	0.0029006
0.0032948	0.0032839	0.0032839
0.0037018	0.0036881	0.0036881
0.0041297	0.0041127	0.0041127
0.0045783	0.0045574	0.0045574
0.0050471	0.0050217	0.0050217
0.0055358	0.0055053	0.0055053
0.0060442	0.0060078	0.0060078
0.0065719	0.0065288	0.0065288
0.0071187	0.0070682	0.0070682
0.0076843	0.0076254	0.0076254
0.0082684	0.0082003	0.0082004
0.008871	0.0087926	0.0087926
0.0094917	0.009402	0.009402
0.01013	0.010028	0.010028
0.010787	0.010671	0.010671
0.011461	0.01133	0.01133
0.012152	0.012005	0.012005
0.012861	0.012696	0.012696
0.013586	0.013403	0.013403
0.014329	0.014125	0.014125
0.015089	0.014863	0.014863
0.015865	0.015615	0.015615
0.016657	0.016382	0.016382
0.017466	0.017164	0.017164
0.018292	0.01796	0.01796
0.019133	0.018771	0.018771
0.019991	0.019595	0.019595
0.020865	0.020434	0.020434
0.021754	0.021286	0.021286
0.022659	0.022152	0.022152
0.02358	0.023031	0.023031
0.024517	0.023923	0.023923
0.025469	0.024829	0.024829
0.026437	0.025747	0.025747
0.02742	0.026678	0.026678
0.028418	0.027622	0.027622
0.029431	0.028578	0.028578
0.03046	0.029546	0.029546
0.031504	0.030527	0.030527
0.032562	0.031519	0.031519
0.033636	0.032524	0.032524
0.034725	0.03354	0.03354
0.035828	0.034567	0.034567
0.036947	0.035606	0.035606
0.03808	0.036657	0.036657
0.039228	0.037718	0.037719
0.04039	0.038791	0.038791
0.041567	0.039875	0.039875
0.042759	0.040969	0.040969
0.043965	0.042074	0.042074
0.045186	0.043189	0.04319
0.046421	0.044315	0.044315
0.047671	0.045452	0.045452
0.048935	0.046598	0.046598
0.050213	0.047754	0.047754
0.051506	0.04892	0.048921
0.052813	0.050096	0.050097
0.054135	0.051282	0.051282
0.055471	0.052477	0.052477
0.056821	0.053682	0.053682
0.058185	0.054896	0.054896
0.059563	0.056119	0.056119
0.060956	0.057351	0.057351
0.062363	0.058592	0.058593
0.063784	0.059842	0.059843
0.065219	0.061101	0.061101
0.066668	0.062368	0.062369
0.068132	0.063644	0.063644
0.069609	0.064928	0.064929
0.071101	0.066221	0.066221
0.072607	0.067522	0.067522
0.074126	0.06883	0.06883
0.07566	0.070147	0.070147
0.077208	0.071471	0.071471
0.07877	0.072804	0.072804
0.080346	0.074143	0.074143
0.081937	0.075491	0.075491
0.083541	0.076845	0.076845
0.085159	0.078207	0.078207
0.086792	0.079576	0.079577
0.088438	0.080953	0.080953
0.090099	0.082336	0.082336
0.091773	0.083726	0.083726
0.093462	0.085123	0.085123
0.095165	0.086526	0.086526
0.096882	0.087936	0.087936
0.098613	0.089352	0.089353
0.10036	0.090775	0.090775
0.10212	0.092204	0.092204
0.10389	0.093639	0.093639
0.10568	0.09508	0.095081
0.10748	0.096527	0.096528
0.1093	0.09798	0.09798
0.11113	0.099439	0.099439
0.11297	0.1009	0.1009
0.11483	0.10237	0.10237
0.1167	0.10385	0.10385
0.11859	0.10533	0.10533
0.12049	0.10681	0.10681
0.12241	0.1083	0.1083
0.12434	0.1098	0.1098
0.12628	0.1113	0.1113
0.12824	0.11281	0.11281
0.13021	0.11432	0.11432
0.1322	0.11583	0.11583
0.1342	0.11735	0.11735
0.13622	0.11887	0.11887
0.13825	0.1204	0.1204
0.1403	0.12193	0.12193
0.14236	0.12347	0.12347
0.14443	0.12501	0.12501
0.14652	0.12655	0.12655
0.14863	0.1281	0.1281
0.15075	0.12965	0.12965
0.15288	0.13121	0.13121
0.15503	0.13276	0.13276
0.15719	0.13433	0.13433
0.15937	0.13589	0.13589
0.16156	0.13746	0.13746
0.16377	0.13903	0.13903
0.16599	0.1406	0.1406
0.16823	0.14218	0.14218
0.17048	0.14376	0.14376
0.17275	0.14534	0.14534
0.17503	0.14693	0.14693
0.17733	0.14852	0.14852
0.17965	0.15011	0.15011
0.18197	0.1517	0.1517
0.18432	0.15329	0.15329
0.18668	0.15489	0.15489
0.18905	0.15649	0.15649
0.19144	0.15809	0.15809
0.19385	0.15969	0.15969
0.19627	0.16129	0.16129
0.1987	0.1629	0.1629
0.20116	0.1645	0.1645
0.20362	0.16611	0.16611
0.20611	0.16772	0.16772
0.20861	0.16933	0.16933
0.21112	0.17094	0.17094
0.21365	0.17255	0.17255
0.2162	0.17417	0.17417
0.21876	0.17578	0.17578
0.22134	0.17739	0.17739
0.22394	0.17901	0.17901
0.22655	0.18062	0.18062
0.22918	0.18224	0.18224
0.23182	0.18385	0.18385
0.23448	0.18547	0.18547
0.23716	0.18709	0.18709
0.23985	0.1887	0.1887
0.24256	0.19032	0.19032
0.24529	0.19193	0.19193
0.24803	0.19355	0.19355
0.25079	0.19516	0.19516
0.25357	0.19677	0.19677
0.25636	0.19839	0.19839
0.25917	0.2	0.2
0.262	0.20161	0.20161
0.26484	0.20322	0.20322
0.2677	0.20483	0.20483
0.27058	0.20644	0.20644
0.27348	0.20804	0.20804
0.27639	0.20965	0.20965
0.27932	0.21125	0.21125
0.28227	0.21285	0.21285
0.28523	0.21445	0.21445
0.28822	0.21605	0.21605
0.29122	0.21764	0.21764
0.29424	0.21923	0.21924
0.29727	0.22083	0.22083
0.30033	0.22241	0.22241
0.3034	0.224	0.224
0.30649	0.22558	0.22558
0.3096	0.22716	0.22716
0.31272	0.22874	0.22874
0.31587	0.23032	0.23032
0.31903	0.23189	0.23189
0.32221	0.23346	0.23346
0.32541	0.23502	0.23502
0.32863	0.23658	0.23659
0.33187	0.23814	0.23814
0.33513	0.2397	0.2397
0.3384	0.24125	0.24125
0.3417	0.2428	0.2428
0.34501	0.24434	0.24434
0.34834	0.24588	0.24588
0.35169	0.24741	0.24741
0.35506	0.24894	0.24894
0.35845	0.25047	0.25047
0.36186	0.25199	0.25199
0.36529	0.25351	0.25351
0.36874	0.25502	0.25502
0.3722	0.25653	0.25653
0.37569	0.25803	0.25803
0.3792	0.25953	0.25953
0.38272	0.26102	0.26102
0.38627	0.2625	0.2625
0.38984	0.26398	0.26398
0.39342	0.26546	0.26546
0.39703	0.26693	0.26693
0.40066	0.26839	0.26839
0.4043	0.26985	0.26985
0.40797	0.2713	0.2713
0.41166	0.27274	0.27274
0.41537	0.27418	0.27418
0.41909	0.27561	0.27561
0.42284	0.27704	0.27704
0.42661	0.27846	0.27846
0.4304	0.27987	0.27987
0.43421	0.28127	0.28127
0.43805	0.28267	0.28267
0.4419	0.28406	0.28406
0.44577	0.28544	0.28544
0.44967	0.28682	0.28682
0.45358	0.28818	0.28818
0.45752	0.28954	0.28954
0.46148	0.29089	0.29089
0.46546	0.29224	0.29224
0.46946	0.29357	0.29357
0.47348	0.2949	0.2949
0.47753	0.29622	0.29622
0.48159	0.29753	0.29753
0.48568	0.29883	0.29883
0.48979	0.30012	0.30012
0.49392	0.3014	0.3014
0.49807	0.30268	0.30268
0.50224	0.30394	0.30394
0.50644	0.3052	0.3052
0.51065	0.30644	0.30644
0.51489	0.30768	0.30768
0.51915	0.30891	0.30891
0.52344	0.31012	0.31013
0.52774	0.31133	0.31133
0.53207	0.31253	0.31253
0.53641	0.31372	0.31372
0.54079	0.31489	0.31489
0.54518	0.31606	0.31606
0.54959	0.31721	0.31722
0.55403	0.31836	0.31836
0.55849	0.31949	0.3195
0.56297	0.32062	0.32062
0.56747	0.32173	0.32173
0.572	0.32283	0.32283
0.57654	0.32392	0.32392
0.58111	0.325	0.325
0.5857	0.32607	0.32607
0.59032	0.32712	0.32713
0.59495	0.32817	0.32817
0.59961	0.3292	0.3292
0.60429	0.33022	0.33022
0.609	0.33123	0.33123
0.61372	0.33223	0.33223
0.61847	0.33321	0.33321
0.62324	0.33418	0.33418
0.62803	0.33514	0.33514
0.63284	0.33609	0.33609
0.63768	0.33702	0.33702
0.64254	0.33794	0.33795
0.64742	0.33885	0.33886
0.65232	0.33975	0.33975
0.65725	0.34063	0.34064
0.66219	0.3415	0.34151
0.66716	0.34236	0.34236
0.67215	0.3432	0.34321
0.67717	0.34404	0.34404
0.6822	0.34485	0.34486
0.68726	0.34566	0.34566
0.69234	0.34645	0.34645
0.69745	0.34722	0.34723
0.70257	0.34799	0.34799
0.70772	0.34874	0.34874
0.71289	0.34947	0.34948
0.71808	0.3502	0.3502
0.72329	0.3509	0.35091
0.72853	0.3516	0.3516
0.73378	0.35228	0.35228
0.73906	0.35295	0.35295
0.74436	0.3536	0.3536
0.74969	0.35424	0.35424
0.75503	0.35486	0.35486
0.7604	0.35547	0.35547
0.76579	0.35606	0.35607
0.7712	0.35664	0.35665
0.77664	0.35721	0.35721
0.78209	0.35776	0.35777
0.78757	0.3583	0.3583
0.79307	0.35882	0.35883
0.79859	0.35933	0.35934
0.80414	0.35983	0.35983
0.80971	0.36031	0.36031
0.81529	0.36077	0.36078
0.82091	0.36122	0.36123
0.82654	0.36166	0.36166
0.83219	0.36208	0.36208
0.83787	0.36249	0.36249
0.84357	0.36288	0.36288
0.84929	0.36325	0.36326
0.85504	0.36362	0.36362
0.86081	0.36396	0.36397
0.86659	0.3643	0.3643
0.87241	0.36461	0.36462
0.87824	0.36492	0.36492
0.8841	0.36521	0.36521
0.88997	0.36548	0.36548
0.89588	0.36574	0.36574
0.9018	0.36598	0.36599
0.90775	0.36621	0.36621
0.91372	0.36642	0.36643
0.91971	0.36662	0.36663
0.92572	0.36681	0.36681
0.93176	0.36698	0.36698
0.93782	0.36713	0.36714
0.94391	0.36727	0.36728
0.95001	0.3674	0.3674
0.95614	0.36751	0.36752
0.96229	0.36761	0.36761
0.96847	0.36769	0.36769
0.97467	0.36775	0.36776
0.98089	0.36781	0.36781
0.98714	0.36784	0.36785
0.99341	0.36787	0.36787
0.99971	0.36787	0.36788
1.006	0.36787	0.36787
1.0124	0.36785	0.36785
1.0187	0.36781	0.36782
1.0251	0.36776	0.36777
1.0315	0.36769	0.3677
1.038	0.36762	0.36762
1.0444	0.36752	0.36753
1.0509	0.36741	0.36742
1.0574	0.36729	0.3673
1.064	0.36715	0.36716
1.0705	0.367	0.36701
1.0771	0.36683	0.36684
1.0837	0.36665	0.36666
1.0904	0.36646	0.36646
1.097	0.36625	0.36626
1.1037	0.36603	0.36603
1.1104	0.36579	0.36579
1.1172	0.36554	0.36554
1.124	0.36527	0.36528
1.1307	0.36499	0.365
1.1376	0.3647	0.3647
1.1444	0.36439	0.36439
1.1513	0.36406	0.36407
1.1582	0.36373	0.36373
1.1651	0.36338	0.36338
1.1721	0.36301	0.36302
1.1791	0.36263	0.36264
1.1861	0.36224	0.36225
1.1931	0.36184	0.36184
1.2002	0.36141	0.36142
1.2073	0.36098	0.36099
1.2144	0.36053	0.36054
1.2215	0.36007	0.36008
1.2287	0.3596	0.3596
1.2359	0.35911	0.35912
1.2432	0.35861	0.35861
1.2505	0.35809	0.3581
1.2578	0.35756	0.35757
1.2651	0.35702	0.35703
1.2725	0.35646	0.35647
1.2798	0.35589	0.3559
1.2873	0.35531	0.35532
1.2947	0.35471	0.35472
1.3022	0.3541	0.35411
1.3097	0.35348	0.35349
1.3173	0.35284	0.35285
1.3249	0.35219	0.3522
1.3325	0.35153	0.35154
1.3401	0.35085	0.35086
1.3478	0.35016	0.35017
1.3555	0.34946	0.34947
1.3633	0.34874	0.34875
1.3711	0.34802	0.34803
1.3789	0.34727	0.34728
1.3867	0.34652	0.34653
1.3946	0.34575	0.34576
1.4026	0.34497	0.34498
1.4105	0.34418	0.34419
1.4185	0.34337	0.34338
1.4266	0.34255	0.34257
1.4346	0.34172	0.34173
1.4427	0.34088	0.34089
1.4509	0.34002	0.34003
1.4591	0.33915	0.33916
1.4673	0.33827	0.33828
1.4756	0.33737	0.33739
1.4839	0.33647	0.33648
1.4922	0.33555	0.33556
1.5006	0.33461	0.33463
1.509	0.33367	0.33368
1.5175	0.33271	0.33272
1.526	0.33174	0.33175
1.5346	0.33076	0.33077
1.5432	0.32977	0.32978
1.5518	0.32876	0.32877
1.5605	0.32774	0.32775
1.5692	0.32671	0.32672
1.578	0.32566	0.32568
1.5868	0.32461	0.32462
1.5957	0.32354	0.32355
1.6046	0.32246	0.32247
1.6136	0.32136	0.32138
1.6226	0.32026	0.32027
1.6317	0.31914	0.31916
1.6408	0.31801	0.31803
1.65	0.31687	0.31689
1.6592	0.31572	0.31573
1.6685	0.31455	0.31457
1.6778	0.31337	0.31339
1.6872	0.31218	0.3122
1.6966	0.31098	0.311
1.7061	0.30977	0.30979
1.7156	0.30854	0.30856
1.7252	0.30731	0.30732
1.7349	0.30606	0.30607
1.7446	0.30479	0.30481
1.7544	0.30352	0.30354
1.7642	0.30223	0.30225
1.7741	0.30094	0.30095
1.784	0.29963	0.29964
1.7941	0.2983	0.29832
1.8042	0.29697	0.29699
1.8143	0.29562	0.29564
1.8245	0.29427	0.29428
1.8348	0.2929	0.29291
1.8452	0.29151	0.29153
1.8556	0.29012	0.29014
1.8661	0.28871	0.28873
1.8767	0.28729	0.28731
1.8873	0.28586	0.28588
1.8981	0.28442	0.28444
1.9089	0.28297	0.28299
1.9197	0.2815	0.28152
1.9307	0.28002	0.28004
1.9418	0.27853	0.27855
1.9529	0.27702	0.27704
1.9641	0.27551	0.27553
1.9754	0.27398	0.274
1.9868	0.27244	0.27246
1.9983	0.27088	0.2709
2.0099	0.26931	0.26934
2.0215	0.26773	0.26776
2.0333	0.26614	0.26616
2.0452	0.26454	0.26456
2.0571	0.26292	0.26294
2.0692	0.26129	0.26131
2.0814	0.25964	0.25966
2.0937	0.25798	0.25801
2.1061	0.25631	0.25633
2.1186	0.25462	0.25465
2.1313	0.25292	0.25295
2.1441	0.25121	0.25124
2.157	0.24948	0.24951
2.17	0.24774	0.24777
2.1831	0.24599	0.24601
2.1964	0.24421	0.24424
2.2099	0.24243	0.24246
2.2234	0.24063	0.24066
2.2372	0.23881	0.23884
2.2511	0.23698	0.23701
2.2651	0.23513	0.23516
2.2793	0.23327	0.23329
2.2937	0.23138	0.23141
2.3083	0.22948	0.22952
2.3231	0.22757	0.2276
2.338	0.22563	0.22566
2.3531	0.22368	0.22371
2.3685	0.22171	0.22174
2.3841	0.21972	0.21975
2.3999	0.2177	0.21774
2.4159	0.21567	0.2157
2.4322	0.21361	0.21365
2.4488	0.21154	0.21157
2.4656	0.20943	0.20947
2.4827	0.20731	0.20734
2.5002	0.20516	0.20519
2.5179	0.20297	0.20301
2.536	0.20077	0.2008
2.5545	0.19853	0.19856
2.5734	0.19625	0.19629
2.5927	0.19395	0.19399
2.6124	0.1916	0.19164
2.6326	0.18922	0.18926
2.6534	0.18679	0.18683
2.6748	0.18431	0.18435
2.6968	0.18178	0.18183
2.7195	0.1792	0.17924
2.743	0.17654	0.17659
2.7674	0.17381	0.17386
2.7929	0.171	0.17104
2.8197	0.16808	0.16812
2.8479	0.16503	0.16508
2.8779	0.16184	0.16189
2.9104	0.15843	0.15848
2.9461	0.15474	0.1548
2.987	0.1506	0.15066
3.0384	0.14552	0.14557
3.0924	0.14031	0.14037
3.1346	0.13635	0.13641
3.1729	0.13282	0.13288
3.208	0.12966	0.12972
3.2424	0.12661	0.12668
3.2754	0.12375	0.12382
3.3069	0.12107	0.12113
3.3371	0.11853	0.1186
3.3664	0.11611	0.11618
3.3949	0.11381	0.11388
3.4227	0.11159	0.11167
3.4499	0.10946	0.10953
3.4766	0.10739	0.10747
3.5029	0.10539	0.10547
3.5288	0.10345	0.10354
3.5544	0.10157	0.10165
3.5797	0.099732	0.099816
3.6048	0.097942	0.098027
3.6296	0.096195	0.096282
3.6542	0.094489	0.094577
3.6787	0.092821	0.092911
3.7029	0.091189	0.091281
3.7271	0.089592	0.089685
3.7511	0.088027	0.088122
3.775	0.086494	0.08659
3.7987	0.08499	0.085089
3.8224	0.083516	0.083616
3.846	0.082069	0.08217
3.8695	0.080648	0.080751
3.893	0.079253	0.079358
3.9163	0.077882	0.077989
3.9397	0.076536	0.076645
3.963	0.075212	0.075323
3.9862	0.073911	0.074024
4.0094	0.072632	0.072746
4.0326	0.071373	0.07149
4.0558	0.070135	0.070254
4.0789	0.068917	0.069038
4.1021	0.067719	0.067841
4.1252	0.066539	0.066664
4.1483	0.065378	0.065504
4.1715	0.064235	0.064363
4.1946	0.063109	0.06324
4.2178	0.062	0.062134
4.2409	0.060909	0.061044
4.2641	0.059834	0.059971
4.2873	0.058774	0.058914
4.3106	0.057731	0.057873
4.3338	0.056703	0.056848
4.3571	0.05569	0.055837
4.3804	0.054692	0.054842
4.4038	0.053709	0.053861
4.4272	0.05274	0.052895
4.4507	0.051785	0.051942
4.4742	0.050843	0.051004
4.4977	0.049916	0.050079
4.5213	0.049001	0.049167
4.545	0.0481	0.048269
4.5687	0.047211	0.047383
4.5925	0.046336	0.046511
4.6163	0.045472	0.045651
4.6403	0.044621	0.044803
4.6642	0.043782	0.043967
4.6883	0.042955	0.043143
4.7124	0.04214	0.042332
4.7366	0.041336	0.041531
4.7609	0.040544	0.040742
4.7853	0.039763	0.039965
4.8098	0.038993	0.039199
4.8343	0.038234	0.038443
4.859	0.037485	0.037699
4.8837	0.036748	0.036965
4.9085	0.03602	0.036242
4.9334	0.035303	0.035529
4.9585	0.034596	0.034826
4.9836	0.0339	0.034134
5.0089	0.033213	0.033452
5.0342	0.032536	0.032779
5.0597	0.031868	0.032116
5.0853	0.03121	0.031463
5.111	0.030562	0.03082
5.1368	0.029923	0.030186
5.1628	0.029293	0.029561
5.1888	0.028672	0.028946
5.215	0.02806	0.02834
5.2414	0.027457	0.027742
5.2679	0.026863	0.027154
5.2945	0.026278	0.026574
5.3212	0.0257	0.026003
5.3481	0.025132	0.025441
5.3752	0.024572	0.024887
5.4024	0.02402	0.024342
5.4298	0.023476	0.023805
5.4573	0.02294	0.023276
5.485	0.022412	0.022755
5.5128	0.021892	0.022243
5.5408	0.021379	0.021738
5.569	0.020875	0.021241
5.5974	0.020378	0.020752
5.6259	0.019888	0.020271
5.6547	0.019406	0.019798
5.6836	0.018931	0.019332
5.7127	0.018463	0.018873
5.742	0.018003	0.018422
5.7715	0.017549	0.017979
5.8012	0.017103	0.017542
5.8311	0.016663	0.017113
5.8613	0.01623	0.016691
5.8916	0.015804	0.016276
5.9222	0.015384	0.015868
5.953	0.014971	0.015467
5.984	0.014565	0.015072
6.0152	0.014164	0.014685
6.0467	0.01377	0.014304
6.0785	0.013382	0.01393
6.1105	0.013001	0.013562
6.1427	0.012625	0.013201
6.1752	0.012255	0.012846
6.208	0.011891	0.012498
6.2411	0.011533	0.012156
6.2744	0.01118	0.011821
6.308	0.010833	0.011491
6.3419	0.010492	0.011168
6.3761	0.010156	0.010851
6.4106	0.009825	0.010539
6.4454	0.0094993	0.010234
6.4805	0.0091788	0.0099348
6.5159	0.0088633	0.0096413
6.5517	0.0085527	0.0093537
6.5878	0.0082469	0.0090718
6.6242	0.0079458	0.0087956
6.661	0.0076493	0.008525
6.6982	0.0073573	0.00826
6.7357	0.0070697	0.0080005
6.7735	0.0067864	0.0077466
6.8118	0.0065073	0.007498
6.8504	0.0062321	0.0072549
6.8894	0.0059609	0.0070171
6.9288	0.0056936	0.0067846
6.9686	0.0054298	0.0065573
7.0088	0.0051697	0.0063353
7.0494	0.0049129	0.0061184
7.0904	0.0046594	0.0059066
7.1319	0.004409	0.0057
7.1737	0.0041616	0.0054983
7.216	0.0039171	0.0053017
7.2587	0.0036752	0.0051101
7.3019	0.0034358	0.0049234
7.3455	0.0031988	0.0047416
7.3894	0.002964	0.0045647
7.4339	0.0027312	0.0043927
7.4787	0.0025003	0.0042255
7.5239	0.002271	0.0040632
7.5695	0.0020433	0.0039056
7.6154	0.0018169	0.0037528
7.6617	0.0015917	0.0036048
7.7083	0.0013674	0.0034615
7.7553	0.001144	0.003323
7.8024	0.00092125	0.0031892
7.8498	0.00069899	0.0030601
7.8974	0.00047708	0.0029356
7.9451	0.00025536	0.0028158
7.9928	3.3686E-05	0.0027006
8	4.9662E-07	0.0026837
