1 0.54030230586814 0.54030230586814
1.17777777777778 0.37026690277209 0.349927407868508
1.35555555555556 0.200231499676039 0.168347967124479
1.53333333333333 0.0301960965799895 -0.00443601636394653
1.71111111111111 -0.139839306516061 -0.16842454259677
1.88888888888889 -0.309874709612111 -0.32361761157399
2.06666666666667 -0.454403213884029 -0.469551624550568
2.24444444444444 -0.556420220115728 -0.601384550189423
2.42222222222222 -0.658437226347426 -0.717828614198778
2.6 -0.760454232579124 -0.818883816578633
2.77777777777778 -0.862471238810822 -0.904550157328987
2.95555555555556 -0.964488245042521 -0.974827636449841
3.13333333333333 -0.945145979835534 -1.02219125241596
3.31111111111111 -0.885350624148986 -1.02824655705457
3.48888888888889 -0.825555268462438 -0.992157439085078
3.66666666666667 -0.76575991277589 -0.913923898507486
3.84444444444444 -0.705964557089342 -0.793545935321797
4.02222222222222 -0.632814602945238 -0.631385287276647
4.2 -0.466182459598244 -0.455657498765895
4.37777777777778 -0.29955031625125 -0.284087719472861
4.55555555555556 -0.132918172904258 -0.116675949397546
4.73333333333333 0.0337139704427362 0.0465778114600516
4.91111111111111 0.20034611378973 0.205673563099931
5.08888888888889 0.343796238902083 0.359590183983443
5.26666666666667 0.464064345779797 0.502200944878689
5.44444444444444 0.584332452657511 0.632484724247021
5.62222222222222 0.704600559535224 0.750441522088439
5.8 0.824868666412938 0.856071338402941
5.97777777777778 0.945136773290652 0.949374173190529
6.15555555555556 0.92808414829149 1.01842686894634
6.33333333333333 0.891414275881345 1.04424970556061
6.51111111111111 0.854744403471201 1.02659935328833
6.68888888888889 0.818074531061057 0.965475812129502
6.86666666666667 0.781404658650913 0.860879082084129
7.04444444444444 0.713928819314331 0.714157083372001
7.22222222222222 0.554035079198434 0.554964060828488
7.4 0.394141339082537 0.395431296431699
7.57777777777778 0.23424759896664 0.235558790181632
7.75555555555556 0.0743538588507442 0.0753465420782884
7.93333333333333 -0.0855398812651526 -0.0852054478783328
8.11111111111111 -0.230570059150398 -0.244312961112277
8.28888888888889 -0.366682099697253 -0.395267335777962
8.46666666666667 -0.50279414024411 -0.537426253188046
8.64444444444445 -0.638906180790966 -0.670789713342526
8.82222222222222 -0.775018221337822 -0.795357716241403
