0 1 1 1 0 0 0
0.18 0.917254415056265 0.974452751776512 0.94272939675025 0.172552897355064 0.17807741963341 0.174884031944924
0.36 0.83450883011253 0.923794038651453 0.880340628513614 0.330211589420255 0.34929630274545 0.339075492930877
0.54 0.751763245168795 0.848023860624821 0.807715530303206 0.472976076195575 0.509136585653838 0.491192478411399
0.72 0.669017660225061 0.747142217696618 0.719735937132142 0.600846357681022 0.653078204676291 0.628931814142392
0.9 0.586272075281326 0.621149109866842 0.611283684013535 0.713822433876597 0.776601096130526 0.749069056182117
1.08 0.463786374474917 0.471825617229755 0.477435600575851 0.810314700147792 0.875232691803441 0.847462390783505
1.26 0.291625528840166 0.312641157998193 0.319182337516288 0.87830177144615 0.945940872008164 0.919468231902077
1.44 0.119464683205416 0.146378669819437 0.144351544232831 0.915299890530252 0.987358826945958 0.961373380475935
1.62 -0.0526961624293351 -0.026961847306513 -0.038848281018426 0.921309057400099 0.998212511406329 0.970932645907828
1.8 -0.224857008064086 -0.207380393379657 -0.222208639981387 0.896329272055691 0.977227880178782 0.9473783672866
1.98 -0.397017853698837 -0.394876968399994 -0.397521034399958 0.840360534497029 0.923130888052821 0.891420413387192
2.16 -0.507962142155671 -0.574064406520042 -0.557180261981224 0.758300169298344 0.835468138663152 0.805222050832117
2.34 -0.611254360965265 -0.721621534502205 -0.696956985538733 0.657570684017459 0.718378342952086 0.692028534122561
2.52 -0.71454657977486 -0.83730792788012 -0.813795467064407 0.538248599350848 0.577596630318613 0.555693830560083
2.7 -0.817838798584454 -0.921123586653783 -0.904641146862598 0.40033391529851 0.418859732991498 0.400621734083023
2.88 -0.921131017394049 -0.973068510823197 -0.966439465237654 0.243826631860444 0.247904383199506 0.231765859374936
3.06 -0.969811564056235 -0.993407192793322 -0.996166849102525 0.0703650992010742 0.0704620233233023 0.0546291770654654
3.24 -0.909268766423605 -0.985578033828652 -0.992658921886004 -0.0987521305421113 -0.108053295142399 -0.124852650851026
3.42 -0.848725968790975 -0.950639003549031 -0.957633061616448 -0.256971656711424 -0.282719476576115 -0.300836958830314
3.6 -0.788183171158345 -0.888590101954459 -0.893054539190992 -0.404293479306862 -0.448656744141153 -0.467827393303593
3.78 -0.727640373525715 -0.799431329044937 -0.800888625506771 -0.540717598328428 -0.600985321000823 -0.620681349463545
3.96 -0.667097575893085 -0.683162684820463 -0.683100591460922 -0.66624401377612 -0.734825430318434 -0.754609971264333
4.14 -0.522420807977855 -0.544405212138174 -0.541973225849405 -0.774983347730157 -0.845512943923959 -0.865189264548066
4.32 -0.353705762839023 -0.393438373680265 -0.38231094649558 -0.853834739103676 -0.930096348714428 -0.948607867462317
4.5 -0.184990717700193 -0.230639397435075 -0.210120666122439 -0.902317422352205 -0.986440830181618 -1.00206952522532
4.68 -0.0162756725613622 -0.056008283402604 -0.0314167031182527 -0.920431397475745 -1.01241660352382 -1.02386048630853
4.86 0.152439372577468 0.130454968417149 0.14778662412871 -0.908176664474296 -1.00589388393932 -1.01334957649332
5.04 0.310722509510712 0.327748778595354 0.321478440018704 -0.865761861511968 -0.964756241018792 -0.97098816444304
5.22 0.432493967724397 0.508580107696392 0.484206891738426 -0.798872378560809 -0.88905566381633 -0.898278830175751
5.4 0.554265425938082 0.660679607717097 0.631692395966709 -0.710064033131186 -0.783391311992911 -0.797588260266694
5.58 0.676036884151767 0.784047278657467 0.759802978940314 -0.599336825223099 -0.652934914782995 -0.672032062903017
5.76 0.797808342365452 0.878683120517504 0.864406666896002 -0.466690754836549 -0.502858201421043 -0.525469601549255
5.94 0.919579800579137 0.944587133297206 0.941371486070535 -0.312125821971537 -0.338332901141514 -0.362503994947326
6.12 0.935418122773519 0.98181704248774 0.986807927789045 -0.141998014789218 -0.164528434159222 -0.188474843163875
6.3 0.898289876958248 0.990560455935392 0.999645140028955 0.023035705186641 0.013412621664411 -0.00921045857810746
6.48 0.861161631142977 0.970831805012954 0.980630758930466 0.181386340915751 0.190365006115313 0.169486311646244
6.66 0.824033385327705 0.922631089720425 0.930542728769818 0.333053892398113 0.361203747606869 0.341952195693131
6.84 0.786905139512434 0.845958310057807 0.850158993823257 0.478038359633725 0.520803874552461 0.502663951716224
7.02 0.735914208580267 0.740887719290292 0.740259070886679 0.61620111577142 0.664040910387242 0.646238375701521
7.2 0.574021796712922 0.614621884141703 0.603188706330939 0.734095356247806 0.786283420227251 0.767510888137026
7.38 0.412129384845576 0.471913013584457 0.445798915334378 0.822848962588071 0.884318206553735 0.86216714439421
7.56 0.250236972978231 0.312761107618554 0.275745843137969 0.882461934792214 0.955185522993136 0.927238700785411
7.74 0.0883445611108857 0.137166166243996 0.100685634982681 0.912934272860234 0.995925623171895 0.961135219766346
7.92 -0.07354785075646 -0.0548718105392205 -0.0717255638905147 0.914265976792133 1.00357876071646 0.963644469936102
8.1 -0.22206305661622 -0.256940091201736 -0.23412091907382 0.887125906888288 0.975398946970902 0.935925093266315
8.28 -0.359876497669911 -0.438001055141468 -0.384327304236565 0.834751347002537 0.91247757182649 0.880098202356624
8.46 -0.497689938723602 -0.593950554179627 -0.524664011665595 0.75757036772712 0.819225255014068 0.798159444405175
8.64 -0.635503379777295 -0.724788588316217 -0.657598460794338 0.655582969062039 0.700162060215918 0.691663293655026
8.82 -0.773316820830986 -0.830515157551233 -0.785598071056222 0.528789151007294 0.559808051114324 0.561720088851224
