Training parameters:
 neurons = 7
  epochs   = 100
  maxLoss  = 10
  minLoss  = 0.1
  lrate    = 0.05
  trainSamples = 500
  valSamples   = 166
  testSamples  = 166
Writing loss to rawlosses.txt
Gradient -7.94e-08  -3.36e-07  -4.05e-08     -0.216     -0.215     -0.224     -0.228     -0.261     -0.186     -0.797    -0.0125   -0.00946  -6.79e-09   -3.3e-08   -2.6e-10  -3.45e-07  -1.51e-06  -1.28e-08      0.132      -0.21     0.0771 
Gradient -7.88e-08  -3.34e-07  -4.12e-08     -0.225     -0.229     -0.216     -0.232     -0.284     -0.163     -0.785     0.0327     0.0249  -6.93e-09   -3.3e-08  -5.83e-10  -3.43e-07   -1.5e-06   -1.3e-08      0.137     -0.213     0.0825 
Gradient -7.89e-08  -3.34e-07  -4.25e-08     -0.235     -0.246      -0.21      -0.23     -0.303     -0.139     -0.769     0.0757     0.0583   -7.2e-09  -3.33e-08  -3.36e-10  -3.43e-07   -1.5e-06   -1.3e-08      0.142     -0.217     0.0888 
Gradient -8.03e-08  -3.38e-07  -4.47e-08     -0.247     -0.266     -0.205     -0.221     -0.313     -0.114     -0.751      0.116     0.0914  -7.63e-09   -3.4e-08  -4.01e-10  -3.48e-07  -1.52e-06  -1.31e-08      0.149     -0.222     0.0963 
Gradient -8.16e-08  -3.46e-07  -4.45e-08     -0.262      -0.29     -0.201     -0.203     -0.311    -0.0896      -0.73      0.154      0.125  -7.12e-09  -3.42e-08          0  -3.55e-07  -1.55e-06  -1.33e-08      0.157      -0.23      0.106 
Gradient -8.49e-08  -3.57e-07  -4.37e-08      -0.28      -0.32     -0.198     -0.178     -0.295    -0.0671     -0.705      0.188       0.16  -6.99e-09  -3.43e-08          0  -3.68e-07  -1.61e-06  -1.35e-08      0.167      -0.24      0.117 
Gradient -8.84e-08  -3.74e-07  -4.09e-08       -0.3     -0.355     -0.195     -0.148     -0.266    -0.0483     -0.672      0.218      0.196  -7.63e-09  -3.52e-08          0  -3.84e-07  -1.69e-06   -1.4e-08       0.18     -0.253      0.131 
Gradient -9.43e-08  -3.96e-07  -4.25e-08     -0.321     -0.395     -0.191     -0.119     -0.229    -0.0338     -0.629      0.239      0.233  -6.79e-09  -4.04e-08          0  -4.08e-07  -1.78e-06  -1.52e-08      0.194     -0.266      0.147 
Gradient -9.86e-08  -4.26e-07  -6.17e-08     -0.341     -0.438     -0.184     -0.094     -0.192    -0.0237     -0.572      0.249       0.27  -9.87e-09  -4.47e-08          0  -4.37e-07   -1.9e-06  -1.66e-08       0.21     -0.281      0.166 
Gradient -1.13e-07  -4.59e-07  -9.99e-08     -0.356     -0.478     -0.174    -0.0759     -0.162    -0.0174     -0.507      0.246      0.303   -1.6e-08  -5.43e-08          0  -4.95e-07  -2.16e-06  -1.79e-08      0.225     -0.293      0.188 
Gradient  1.09e-07   4.59e-07   4.53e-08      0.369      0.524      0.161     0.0564      0.127     0.0117      0.413     -0.224     -0.345   7.25e-09   3.69e-08          0    4.6e-07   2.05e-06   2.03e-08     -0.246      0.313     -0.214 
Gradient -1.02e-07  -4.51e-07          0      -0.36     -0.482     -0.178    -0.0722     -0.156    -0.0162     -0.494      0.244       0.31          0  -5.61e-08          0  -4.87e-07  -2.15e-06  -1.85e-08      0.228     -0.297       0.19 
Gradient  1.17e-07   4.68e-07   9.25e-08      0.373      0.528      0.164     0.0537      0.122     0.0109      0.398     -0.219      -0.35   1.48e-08   5.02e-08   6.22e-09    4.8e-07   2.09e-06   2.07e-08     -0.248      0.316     -0.216 
Gradient -1.36e-07  -4.91e-07  -1.07e-07     -0.365     -0.487     -0.183    -0.0687      -0.15    -0.0151      -0.48      0.241      0.317  -1.71e-08   -5.8e-08          0  -5.29e-07  -2.19e-06  -1.91e-08       0.23     -0.301      0.192 
Gradient  1.06e-07   4.67e-07   4.72e-08      0.377      0.533      0.168      0.051      0.117     0.0102      0.382     -0.213     -0.356   7.55e-09   3.85e-08          0   4.79e-07    2.1e-06   1.69e-08      -0.25      0.319     -0.217 
Gradient -1.09e-07  -4.58e-07          0      -0.37     -0.491     -0.187    -0.0654     -0.144    -0.0141     -0.464      0.238      0.324          0     -3e-08          0  -4.96e-07  -2.18e-06  -1.98e-08      0.233     -0.305      0.194 
Gradient  1.09e-07   4.76e-07   4.82e-08      0.381      0.537      0.171     0.0486      0.112    0.00959      0.365     -0.206     -0.362    7.7e-09   3.92e-08          0   4.88e-07   2.13e-06   1.73e-08     -0.252      0.323     -0.219 
Gradient -1.13e-07     -5e-07  -1.14e-07     -0.374     -0.496     -0.191    -0.0622     -0.138    -0.0132     -0.448      0.233      0.332  -1.83e-08  -6.22e-08          0  -5.13e-07  -2.25e-06  -2.05e-08      0.236      -0.31      0.195 
Gradient  1.11e-07   4.75e-07   4.91e-08      0.385      0.541      0.175     0.0463      0.108      0.009      0.347     -0.199     -0.367   7.86e-09      4e-08          0   4.87e-07   2.14e-06   1.76e-08     -0.254      0.326     -0.221 
Gradient -1.17e-07  -4.91e-07  -1.19e-07     -0.379       -0.5     -0.196    -0.0593     -0.133    -0.0124      -0.43      0.228      0.339   -1.9e-08  -6.44e-08          0  -5.31e-07  -2.27e-06  -2.12e-08      0.239     -0.314      0.197 
Gradient  1.13e-07   4.84e-07   5.01e-08      0.389      0.544      0.178     0.0441      0.104    0.00846      0.329     -0.191     -0.373   8.02e-09   4.08e-08          0   4.97e-07   2.18e-06    1.8e-08     -0.257      0.329     -0.222 
Gradient -1.04e-07   -4.8e-07          0     -0.384     -0.505     -0.201    -0.0565     -0.128    -0.0116     -0.411      0.222      0.347          0  -3.33e-08          0  -4.92e-07  -2.28e-06   -1.1e-08      0.241     -0.318      0.199 
Gradient  1.23e-07   4.94e-07   5.11e-08      0.393      0.548      0.182      0.042     0.0994    0.00795      0.309     -0.183     -0.379   8.18e-09   5.55e-08          0   5.06e-07   2.21e-06   1.83e-08     -0.259      0.333     -0.224 
Gradient -1.43e-07  -5.26e-07  -1.27e-07     -0.389     -0.509     -0.205    -0.0539     -0.123    -0.0109     -0.391      0.215      0.354  -2.03e-08   -6.9e-08          0  -5.69e-07  -2.36e-06  -2.27e-08      0.244     -0.323      0.201 
Gradient  1.18e-07   5.03e-07   5.21e-08      0.397      0.552      0.185     0.0401     0.0955    0.00749       0.29     -0.173     -0.384   8.33e-09   5.66e-08          0   5.16e-07   2.24e-06   1.87e-08     -0.261      0.336     -0.226 
Gradient -1.11e-07  -5.44e-07          0     -0.393     -0.514      -0.21    -0.0514     -0.118    -0.0102      -0.37      0.208      0.362          0  -3.57e-08          0  -5.58e-07  -2.36e-06  -1.18e-08      0.247     -0.327      0.203 
Gradient  1.12e-07      5e-07   5.31e-08        0.4      0.555      0.188     0.0383     0.0917    0.00705       0.27     -0.163     -0.389   8.49e-09   4.33e-08          0   5.13e-07   2.25e-06    1.9e-08     -0.263      0.339     -0.227 
Gradient -1.15e-07     -5e-07          0     -0.398     -0.518     -0.214     -0.049     -0.114    -0.0096     -0.348      0.199       0.37          0  -3.69e-08          0  -5.13e-07  -2.37e-06  -1.22e-08       0.25     -0.331      0.206 
Gradient  1.14e-07   5.09e-07    5.4e-08      0.404      0.558      0.192     0.0366     0.0881    0.00665      0.249     -0.153     -0.394   8.64e-09    4.4e-08          0   5.23e-07   2.26e-06   1.94e-08     -0.265      0.342     -0.229 
Gradient -1.19e-07  -5.16e-07          0     -0.402     -0.522     -0.219    -0.0468     -0.109   -0.00903     -0.326      0.189      0.377          0  -3.81e-08          0  -5.29e-07  -2.41e-06  -1.26e-08      0.253     -0.335      0.208 
Gradient  1.16e-07   5.18e-07    5.5e-08      0.407       0.56      0.195     0.0349     0.0847    0.00628      0.228     -0.142     -0.399   8.79e-09   4.48e-08          0   5.19e-07   2.29e-06   1.97e-08     -0.267      0.344     -0.231 
Gradient -1.22e-07  -5.32e-07          0     -0.406     -0.526     -0.223    -0.0447     -0.105    -0.0085     -0.302      0.179      0.384          0  -3.93e-08          0  -5.46e-07  -2.48e-06  -2.59e-08      0.256     -0.339       0.21 
Gradient  1.26e-07   5.26e-07   5.59e-08      0.409      0.563      0.198     0.0334     0.0815    0.00593      0.208     -0.131     -0.403   8.93e-09   4.55e-08          0    5.4e-07   2.34e-06      2e-08     -0.268      0.347     -0.232 
Gradient -1.26e-07  -5.47e-07  -1.49e-07      -0.41      -0.53     -0.227    -0.0426     -0.101     -0.008     -0.278      0.167      0.391  -2.38e-08  -8.08e-08          0  -5.61e-07  -2.47e-06  -2.66e-08      0.258     -0.343      0.212 
Gradient  1.28e-07   5.21e-07   5.67e-08      0.412      0.565        0.2     0.0319     0.0783    0.00561      0.188      -0.12     -0.407   9.06e-09   4.62e-08          0   5.35e-07   2.36e-06   2.03e-08      -0.27      0.349     -0.233 
Gradient -1.08e-07  -5.62e-07          0     -0.414     -0.533     -0.231    -0.0407    -0.0971   -0.00754     -0.254      0.155      0.397          0  -4.15e-08          0  -5.77e-07  -2.49e-06  -1.37e-08      0.261     -0.347      0.214 
Gradient  1.21e-07   5.28e-07   5.75e-08      0.414      0.566      0.203     0.0305     0.0754    0.00531      0.168     -0.108     -0.411   9.19e-09   4.68e-08          0   5.42e-07   2.36e-06   2.06e-08     -0.271      0.351     -0.235 
Gradient -1.54e-07  -5.76e-07  -1.57e-07     -0.417     -0.536     -0.234    -0.0389    -0.0934   -0.00711      -0.23      0.143      0.403   -2.5e-08  -4.25e-08          0  -5.91e-07  -2.55e-06   -2.8e-08      0.263      -0.35      0.216 
Gradient  1.31e-07   5.35e-07   1.16e-07      0.415      0.567      0.205     0.0292     0.0726    0.00503      0.149     -0.097     -0.414   1.86e-08    7.9e-08   7.82e-09   5.49e-07   2.39e-06    2.6e-08     -0.273      0.352     -0.236 
Gradient -1.35e-07  -5.89e-07          0      -0.42     -0.539     -0.238    -0.0372    -0.0897   -0.00671     -0.207       0.13      0.408          0  -4.35e-08          0  -6.04e-07  -2.57e-06  -1.43e-08      0.265     -0.353      0.217 
Gradient  1.16e-07   5.27e-07   5.88e-08      0.417      0.568      0.207      0.028     0.0699    0.00477      0.131    -0.0861     -0.417    9.4e-09   4.79e-08          0   5.41e-07   2.38e-06   1.58e-08     -0.274      0.354     -0.237 
Gradient -1.61e-07     -6e-07  -1.63e-07     -0.422     -0.541     -0.241    -0.0355    -0.0863   -0.00634     -0.184      0.117      0.413  -2.61e-08  -8.87e-08          0  -6.16e-07  -2.62e-06  -2.92e-08      0.266     -0.355      0.219 
Gradient  1.34e-07   5.33e-07   5.94e-08      0.418      0.569      0.209     0.0269     0.0674    0.00453      0.114    -0.0756      -0.42    9.5e-09   4.84e-08          0   5.46e-07    2.4e-06    1.6e-08     -0.274      0.355     -0.238 
Gradient -1.41e-07  -5.73e-07  -1.66e-07     -0.424     -0.542     -0.243     -0.034     -0.083   -0.00599     -0.162      0.105      0.417  -2.66e-08  -9.02e-08          0  -5.88e-07  -2.57e-06  -2.98e-08      0.268     -0.357       0.22 
Gradient  1.18e-07   5.37e-07   5.99e-08      0.418      0.569      0.211     0.0258      0.065    0.00431     0.0985    -0.0657     -0.422   9.58e-09   4.88e-08          0   5.51e-07   2.41e-06   1.61e-08     -0.275      0.356     -0.239 
Gradient -1.66e-07  -6.21e-07  -1.69e-07     -0.425     -0.544     -0.246    -0.0325    -0.0799   -0.00567     -0.142     0.0925       0.42   -2.7e-08  -9.16e-08          0  -6.37e-07  -2.61e-06  -3.02e-08      0.269     -0.359      0.222 
Gradient  1.28e-07   5.41e-07   6.04e-08      0.419      0.569      0.213     0.0248     0.0627    0.00411     0.0841    -0.0565     -0.424   9.66e-09   4.92e-08          0   5.55e-07   2.43e-06   2.16e-08     -0.276      0.357      -0.24 
Gradient -1.21e-07   -5.5e-07          0     -0.426     -0.544     -0.248    -0.0311    -0.0769   -0.00538     -0.123     0.0809      0.423          0  -4.64e-08          0  -5.65e-07  -2.55e-06  -1.53e-08       0.27     -0.361      0.223 
Gradient  1.29e-07   5.45e-07   6.08e-08      0.419      0.569      0.214     0.0239     0.0606    0.00392     0.0711     -0.048     -0.426   9.72e-09   4.95e-08          0   5.59e-07   2.43e-06   2.18e-08     -0.276      0.358     -0.241 
Gradient -1.22e-07  -5.57e-07          0     -0.427     -0.545      -0.25    -0.0298    -0.0741    -0.0051     -0.105     0.0701      0.426          0   -4.7e-08          0  -5.72e-07  -2.58e-06  -1.55e-08      0.271     -0.362      0.224 
Gradient  1.21e-07   5.49e-07   6.12e-08      0.419      0.568      0.216      0.023     0.0586    0.00374     0.0594    -0.0402     -0.427   9.79e-09   4.99e-08          0   5.63e-07   2.44e-06   1.64e-08     -0.277      0.358     -0.242 
Gradient -1.48e-07  -6.03e-07  -1.75e-07     -0.428     -0.545     -0.252    -0.0286    -0.0715   -0.00485    -0.0895       0.06      0.428   -2.8e-08  -4.75e-08          0  -6.19e-07  -2.66e-06  -3.13e-08      0.272     -0.363      0.225 
Gradient  1.21e-07   5.52e-07   6.15e-08      0.419      0.567      0.217     0.0222     0.0568    0.00358     0.0489    -0.0332     -0.429   9.84e-09   5.01e-08          0   5.66e-07   2.44e-06   1.65e-08     -0.277      0.358     -0.243 
Gradient -1.25e-07  -6.09e-07          0     -0.428     -0.544     -0.253    -0.0275     -0.069   -0.00462    -0.0753     0.0508       0.43  -2.83e-08   -4.8e-08          0  -6.25e-07  -2.58e-06  -1.58e-08      0.272     -0.364      0.226 
Gradient  1.31e-07   5.55e-07   6.19e-08      0.419      0.567      0.218     0.0214      0.055    0.00343     0.0396    -0.0269      -0.43   9.89e-09   5.04e-08          0   5.69e-07   2.45e-06   2.22e-08     -0.277      0.359     -0.243 
Gradient -1.51e-07  -5.74e-07  -1.78e-07     -0.428     -0.544     -0.255    -0.0265    -0.0667   -0.00441    -0.0627     0.0424      0.432  -2.85e-08  -4.84e-08          0  -5.89e-07  -2.61e-06  -3.19e-08      0.273     -0.364      0.227 
Gradient   1.4e-07   5.57e-07   6.22e-08      0.419      0.566       0.22     0.0207     0.0534     0.0033     0.0314    -0.0214     -0.431   9.94e-09   5.06e-08          0   5.72e-07    2.5e-06   2.23e-08     -0.278      0.359     -0.244 
Gradient -1.27e-07  -5.37e-07          0     -0.428     -0.543     -0.256    -0.0255    -0.0645   -0.00421    -0.0514      0.035      0.434          0  -4.88e-08          0  -5.93e-07  -2.58e-06  -1.61e-08      0.273     -0.365      0.227 
Gradient  1.23e-07   5.45e-07   6.24e-08      0.419      0.565      0.221       0.02     0.0518    0.00317     0.0243    -0.0164     -0.432   9.98e-09   5.09e-08          0    5.6e-07   2.48e-06   1.68e-08     -0.278      0.359     -0.245 
Gradient -1.28e-07  -5.41e-07          0     -0.428     -0.543     -0.257    -0.0246    -0.0624   -0.00403    -0.0416     0.0283      0.435          0  -4.92e-08          0  -5.55e-07   -2.6e-06  -1.62e-08      0.274     -0.365      0.228 
Gradient  1.33e-07   5.48e-07   1.25e-07      0.419      0.564      0.222     0.0194     0.0504    0.00305      0.018    -0.0121     -0.433   2.01e-08   6.81e-08   8.43e-09   5.62e-07   2.49e-06   2.25e-08     -0.278      0.359     -0.245 
Gradient  -1.8e-07  -6.29e-07  -3.65e-07     -0.427     -0.542     -0.259    -0.0238    -0.0605   -0.00387    -0.0329     0.0224      0.436  -5.83e-08  -1.49e-07          0  -6.45e-07  -2.67e-06   -4.9e-08      0.274     -0.365      0.229 
Gradient  1.33e-07   5.64e-07    6.3e-08      0.418      0.563      0.223     0.0188      0.049    0.00294     0.0126   -0.00835     -0.434   2.01e-08   6.84e-08          0   5.79e-07    2.5e-06   2.25e-08     -0.278       0.36     -0.246 
Gradient -1.55e-07  -5.91e-07  -1.84e-07     -0.427     -0.541      -0.26     -0.023    -0.0587   -0.00371    -0.0254     0.0173      0.438  -2.94e-08  -9.97e-08          0  -6.06e-07  -2.63e-06  -3.29e-08      0.274     -0.366       0.23 
Gradient  1.34e-07   5.52e-07   6.32e-08      0.418      0.562      0.224     0.0183     0.0477    0.00284    0.00795   -0.00507     -0.435   1.01e-08   5.15e-08          0   5.66e-07   2.51e-06   2.26e-08     -0.278       0.36     -0.247 
Gradient  -1.3e-07  -5.95e-07  -1.85e-07     -0.426      -0.54     -0.261    -0.0222    -0.0571   -0.00357    -0.0189     0.0127      0.439  -2.96e-08  -5.02e-08          0   -6.1e-07  -2.65e-06  -3.31e-08      0.274     -0.366       0.23 
Gradient  1.34e-07   5.69e-07   6.35e-08      0.417       0.56      0.225     0.0178     0.0465    0.00274    0.00392   -0.00223     -0.436   1.01e-08   5.17e-08          0   5.84e-07    2.5e-06   2.27e-08     -0.278       0.36     -0.247 
Gradient -1.31e-07  -5.56e-07          0     -0.426     -0.539     -0.262    -0.0215    -0.0555   -0.00344    -0.0133    0.00882       0.44          0  -5.05e-08          0  -5.71e-07  -2.62e-06  -1.67e-08      0.274     -0.366      0.231 
Gradient  1.44e-07   5.71e-07   6.37e-08      0.417      0.559      0.226     0.0173     0.0454    0.00266    0.00045   0.000217     -0.437   1.02e-08   5.19e-08          0   5.86e-07   2.53e-06   2.28e-08     -0.278       0.36     -0.248 
Gradient -1.58e-07  -6.03e-07  -1.87e-07     -0.425     -0.538     -0.263    -0.0209     -0.054   -0.00331   -0.00842    0.00542      0.441     -3e-08  -1.02e-07  -2.52e-08  -6.18e-07  -2.63e-06  -3.35e-08      0.275     -0.366      0.231 
Gradient  1.35e-07   5.59e-07   6.39e-08      0.417      0.558      0.228     0.0168     0.0443    0.00257   -0.00252    0.00232     -0.438   1.02e-08   5.21e-08          0   5.58e-07   2.52e-06   2.29e-08     -0.279       0.36     -0.249 
Gradient -1.33e-07  -6.07e-07          0     -0.425     -0.536     -0.264    -0.0203    -0.0526    -0.0032   -0.00425    0.00249      0.442          0  -5.12e-08          0  -6.22e-07   -2.7e-06  -1.69e-08      0.275     -0.366      0.232 
Gradient  1.27e-07   5.61e-07   6.42e-08      0.416      0.557      0.229     0.0164     0.0433    0.00249   -0.00506    0.00413     -0.439   1.03e-08   5.23e-08          0   5.75e-07   2.51e-06   1.72e-08     -0.279       0.36     -0.249 
Gradient -1.34e-07  -5.67e-07          0     -0.424     -0.535     -0.265    -0.0197    -0.0513   -0.00309  -0.000672  -3.74e-05      0.443          0  -5.15e-08          0  -5.82e-07  -2.61e-06   -1.7e-08      0.275     -0.366      0.233 
Gradient  1.27e-07   5.63e-07   6.44e-08      0.416      0.556       0.23      0.016     0.0423    0.00242   -0.00723    0.00567      -0.44   1.03e-08   5.25e-08          0   5.77e-07   2.52e-06   1.73e-08     -0.279       0.36      -0.25 
Gradient -1.35e-07  -5.71e-07          0     -0.424     -0.534     -0.266    -0.0192      -0.05   -0.00299    0.00238    -0.0022      0.444          0  -5.19e-08          0  -5.85e-07  -2.63e-06  -1.71e-08      0.275     -0.366      0.233 
Gradient  1.37e-07   5.65e-07   6.46e-08      0.415      0.555      0.231     0.0156     0.0414    0.00235   -0.00907    0.00698     -0.441   1.03e-08   5.27e-08          0   5.79e-07   2.54e-06   1.74e-08     -0.279       0.36     -0.251 
Gradient -1.35e-07  -6.18e-07          0     -0.423     -0.533     -0.268    -0.0187    -0.0488    -0.0029    0.00499   -0.00405      0.445          0  -5.22e-08          0  -6.34e-07  -2.65e-06  -1.72e-08      0.275     -0.366      0.234 
Gradient  1.37e-07   5.82e-07   6.49e-08      0.415      0.553      0.232     0.0152     0.0405    0.00228    -0.0106     0.0081     -0.442   1.04e-08   5.29e-08          0   5.81e-07   2.54e-06   2.32e-08     -0.279       0.36     -0.251 
Gradient -1.36e-07  -5.78e-07          0     -0.423     -0.532     -0.269    -0.0182    -0.0477   -0.00281    0.00721   -0.00563      0.446          0  -5.25e-08          0  -5.93e-07  -2.66e-06  -1.73e-08      0.275     -0.366      0.235 
Gradient  1.28e-07   5.69e-07   6.51e-08      0.414      0.552      0.233     0.0149     0.0397    0.00222     -0.012    0.00905     -0.443   1.04e-08    5.3e-08          0   5.84e-07   2.54e-06   1.75e-08     -0.279       0.36     -0.252 
Gradient -1.65e-07  -6.26e-07          0     -0.422     -0.531      -0.27    -0.0178    -0.0467   -0.00273    0.00909   -0.00697      0.447          0  -5.28e-08          0  -6.43e-07  -2.74e-06  -1.74e-08      0.275     -0.367      0.235 
Gradient  1.38e-07   5.71e-07   6.53e-08      0.414      0.551      0.234     0.0146     0.0389    0.00216    -0.0131    0.00985     -0.444   1.04e-08   5.32e-08          0   5.86e-07   2.55e-06   2.34e-08     -0.279       0.36     -0.253 
Gradient -1.38e-07  -5.85e-07          0     -0.422     -0.529     -0.271    -0.0173    -0.0457   -0.00265     0.0107   -0.00812      0.448          0  -5.32e-08          0     -6e-07  -2.64e-06  -1.75e-08      0.275     -0.367      0.236 
Gradient  1.39e-07   5.73e-07   6.56e-08      0.413       0.55      0.235     0.0142     0.0381    0.00211     -0.014     0.0105     -0.445   1.05e-08   5.34e-08          0   5.88e-07   2.56e-06   2.35e-08     -0.279       0.36     -0.253 
Gradient -1.39e-07  -6.34e-07          0     -0.421     -0.528     -0.272    -0.0169    -0.0447   -0.00258      0.012   -0.00908      0.449          0  -5.35e-08          0  -6.51e-07  -2.66e-06  -1.76e-08      0.275     -0.367      0.237 
Gradient   1.3e-07   5.75e-07   6.58e-08      0.413      0.549      0.236     0.0139     0.0374    0.00206    -0.0148     0.0111     -0.446   1.05e-08   5.36e-08          0    5.9e-07   2.55e-06   2.36e-08     -0.279       0.36     -0.254 
Gradient  -1.4e-07  -5.93e-07          0      -0.42     -0.527     -0.273    -0.0166    -0.0438   -0.00251     0.0132    -0.0099       0.45          0  -5.39e-08          0  -6.08e-07  -2.68e-06  -1.78e-08      0.275     -0.367      0.237 
Gradient   1.3e-07   5.77e-07   6.61e-08      0.412      0.547      0.238     0.0137     0.0367    0.00201    -0.0155     0.0116     -0.446   1.06e-08   5.38e-08          0   5.92e-07   2.56e-06   2.37e-08     -0.279       0.36     -0.255 
Gradient -1.69e-07  -6.43e-07     -2e-07      -0.42     -0.526     -0.274    -0.0162    -0.0429   -0.00244     0.0141    -0.0106      0.451  -3.19e-08  -5.42e-08          0  -6.59e-07  -2.75e-06  -1.79e-08      0.276     -0.367      0.238 
Gradient   1.4e-07   5.79e-07   6.63e-08      0.412      0.546      0.239     0.0134      0.036    0.00196     -0.016      0.012     -0.447   1.06e-08    5.4e-08          0   5.94e-07   2.57e-06   2.37e-08     -0.279       0.36     -0.255 
Gradient -1.42e-07     -6e-07  -2.01e-07     -0.419     -0.524     -0.275    -0.0158    -0.0421   -0.00238     0.0149    -0.0112      0.452  -3.21e-08  -5.46e-08          0  -6.16e-07  -2.71e-06   -3.6e-08      0.276     -0.367      0.238 
Gradient  1.31e-07   5.66e-07   6.65e-08      0.411      0.545       0.24     0.0131     0.0354    0.00191    -0.0165     0.0123     -0.448   1.06e-08   5.42e-08          0   5.81e-07   2.56e-06   1.79e-08     -0.279       0.36     -0.256 
Gradient -1.43e-07  -5.58e-07          0     -0.418     -0.523     -0.276    -0.0155    -0.0413   -0.00232     0.0156    -0.0116      0.453          0  -5.49e-08          0  -5.72e-07  -2.67e-06  -1.81e-08      0.276     -0.367      0.239 
Gradient  1.32e-07   5.83e-07   6.68e-08      0.411      0.544      0.241     0.0129     0.0348    0.00187    -0.0169     0.0126     -0.449   1.07e-08   5.44e-08          0   5.98e-07   2.59e-06   2.39e-08      -0.28       0.36     -0.257 
Gradient -1.43e-07  -5.61e-07          0     -0.418     -0.522     -0.278    -0.0152    -0.0405   -0.00226     0.0162     -0.012      0.454          0  -5.53e-08          0  -5.76e-07  -2.69e-06  -1.82e-08      0.276     -0.367       0.24 
Gradient  1.32e-07    5.7e-07    6.7e-08       0.41      0.542      0.242     0.0126     0.0342    0.00183    -0.0172     0.0128      -0.45   1.07e-08   5.46e-08          0   5.85e-07   2.58e-06    1.8e-08      -0.28       0.36     -0.257 
Gradient -1.44e-07  -6.12e-07  -2.05e-07     -0.417     -0.521     -0.279    -0.0149    -0.0398   -0.00221     0.0166    -0.0124      0.455  -3.27e-08  -5.56e-08          0  -6.28e-07  -2.71e-06  -1.83e-08      0.276     -0.367       0.24 
Gradient  1.52e-07   5.87e-07   6.72e-08       0.41      0.541      0.243     0.0124     0.0336    0.00179    -0.0174      0.013     -0.451   1.08e-08   5.48e-08          0   6.03e-07   2.63e-06   2.41e-08      -0.28       0.36     -0.258 
Gradient -1.16e-07  -6.16e-07          0     -0.417     -0.519      -0.28    -0.0146    -0.0391   -0.00216      0.017    -0.0127      0.456          0   -5.6e-08          0  -6.32e-07  -2.67e-06  -1.85e-08      0.276     -0.367      0.241 
Writing plot data to results.txt
