1 0.303347457893648 0.313376321018274
2 0.301976049895471 0.308982976855418
3 0.300805856270343 0.305155085676645
4 0.2998437361104 0.301932316967388
5 0.299088333248347 0.2993334590847
6 0.298529053760642 0.297349507146362
7 0.298147800642188 0.295943496425731
8 0.297922696438433 0.295058890109783
9 0.297831283390667 0.294630585899082
10 0.297852054677559 0.294592413788473
11 0.29783105710754 0.294625761246309
12 0.297851550177546 0.294592155500937
13 0.297830836298532 0.294621047954084
14 0.297851051724859 0.29459195011714
15 0.297830621471264 0.294616453663857
16 0.297850560697447 0.294591801157128
17 0.297830413237359 0.294611987644008
18 0.297850078807214 0.294591712351465
19 0.297830212308664 0.29460766098704
20 0.297849608100907 0.294591687466649
21 0.297830019483724 0.294603486576869
22 0.297849150946794 0.294591730060534
23 0.297829835622022 0.29459947890564
24 0.297848709977011 0.294591843146615
25 0.297829661605956 0.294595653624579
26 0.297848287993013 0.294592028779836
27 0.29782949828946 0.29459202684187
28 0.297847887824249 0.294592287588595
29 0.297829346436617 0.294588614194289
30 0.297847512146681 0.294592618292781
31 0.297829206654479 0.294585429738478
32 0.297847163272574 0.294593017287999
33 0.297829079328656 0.294582484746481
34 0.297846842940467 0.294593478378424
35 0.297828964570906 0.294579786615783
36 0.297846552133644 0.294593992754417
37 0.297828862189381 0.294577337992961
38 0.297846290966356 0.294594549266441
39 0.297828771688628 0.294575136345925
40 0.297846058662077 0.294595135015647
41 0.297828692299965 0.294573174008148
42 0.297845853628 0.294595736172008
43 0.297828623039716 0.294571438734161
44 0.297845673616992 0.294596338921991
45 0.297828562783779 0.294569914630581
46 0.297845515939423 0.294596930375816
47 0.297828510347373 0.294568583319397
48 0.297845377692319 0.294597499304436
49 0.297828464556652 0.29456742514094
50 0.29784525596403 0.294598036628696
51 0.297828424306499 0.294566420225675
52 0.29784514799595 0.2945985356191
53 0.29782838859924 0.294565549369052
54 0.297845051292023 0.294598991867011
55 0.297828356564664 0.294564794630109
56 0.297844963674976 0.294599403061419
57 0.297828327466169 0.294564139701497
58 0.297844883302696 0.294599768665589
59 0.297828300694759 0.294563570066532
60 0.297844808654308 0.294600089543357
61 0.297828275757547 0.294563073018018
62 0.297844738498578 0.294600367593157
63 0.297828252262022 0.294562637566754
64 0.297844671859263 0.294600605430014
65 0.297828229899964 0.294562254297641
66 0.297844607969047 0.294600806099231
67 0.297828208432525 0.294561915200441
68 0.297844546233653 0.294600972859634
69 0.297828187675888 0.294561613490564
70 0.297844486194825 0.294601109014764
71 0.297828167489886 0.294561343439932
72 0.297844427503637 0.294601217797518
73 0.297828147768367 0.294561100223326
74 0.297844369898072 0.294601302287309
75 0.297828128431038 0.294560879779979
76 0.297844313175653 0.294601365352426
77 0.29782810941778 0.294560678693941
78 0.297844257187213 0.294601409629404
79 0.297828090683196 0.294560494091911
80 0.297844201820515 0.294601437511839
81 0.297828072193183 0.294560323555376
82 0.29784414698973 0.294601451145743
83 0.297828053922346 0.294560165049942
84 0.297844092632119 0.294601452442673
85 0.297828035851395 0.294560016861221
86 0.297844038698661 0.294601443093107
87 0.297828017965677 0.294559877543203
88 0.297843985155765 0.294601424586708
89 0.297828000254142 0.294559745878163
90 0.297843931972463 0.294601398220852
91 0.297827982708296 0.294559620835948
92 0.297843879130649 0.294601365132732
93 0.297827965321476 0.294559501547994
94 0.297843826615168 0.294601326308768
95 0.297827948088511 0.294559387279994
96 0.297843774412515 0.294601282602574
97 0.297827931005259 0.294559277409305
98 0.297843722511827 0.294601234749619
99 0.297827914068418 0.294559171410362
100 0.297843670905488 0.294601183385808
