-1 0.35322690848236 0.346473421564799 0.192497730304415 -0.300281536002248 -10.1800432417355 -0.455769444574798
-0.993993993993994 0.354197843647923 0.347075679337797 0.130559384830675 -0.303005455606717 -10.4440647672022 -0.451282615517401
-0.987987987987988 0.354792064754167 0.347587267529392 0.0670603981589318 -0.305702191061193 -10.6996451731912 -0.446717296109045
-0.981981981981982 0.355000354125061 0.34800891304255 0.00205311532288976 -0.308371274102192 -10.9462362686466 -0.442074539335126
-0.975975975975976 0.354813818338082 0.348341689363186 -0.0644068355822769 -0.311012242862609 -11.1832931482571 -0.437355422144439
-0.96996996996997 0.354223907877134 0.348587049906035 -0.13226056608495 -0.313624642014557 -11.4102751770296 -0.432561045087705
-0.963963963963964 0.353222436631404 0.348746864902106 -0.201445955968883 -0.316208022910016 -11.6266469857155 -0.427692531946648
-0.957957957957958 0.35180160120424 0.348823462141552 -0.271897687911892 -0.31876194371922 -11.8318794753866 -0.422751029353797
-0.951951951951952 0.349953999995817 0.348819671866377 -0.343547288181146 -0.321285969566732 -12.025450829411 -0.41773770640321
-0.945945945945946 0.347672652023109 0.348738876072554 -0.416323173424126 -0.32377967266516 -12.2068475310302 -0.412653754252305
-0.93993993993994 0.344951015440448 0.348585062427949 -0.490150703583377 -0.326242632446451 -12.3755653846969 -0.407500385714998
-0.933933933933934 0.341783005723845 0.348362882937771 -0.564952240952017 -0.328674435690715 -12.5311105392918 -0.402278834846348
-0.927927927927928 0.338163013482166 0.348077717390062 -0.640647215375551 -0.331074676652536 -12.6730005113023 -0.396990356518925
-0.921921921921922 0.334085921858259 0.347735741486893 -0.717152195593901 -0.333442957184706 -12.8007652060106 -0.391636225991085
-0.915915915915916 0.3295471234832 0.347343999409674 -0.794380966705777 -0.335778886859345 -12.91394793471 -0.386217738467397
-0.90990990990991 0.324542536946983 0.346910480376906 -0.872244613725506 -0.338082083086362 -13.0121064259422 -0.380736208651413
-0.903903903903904 0.319068622749164 0.346444198527922 -0.950651611190328 -0.340352171229204 -13.0948138287244 -0.375192970291021
-0.897897897897898 0.313122398693292 0.345955275205654 -1.0295079187639 -0.34258878471785 -13.1616597057191 -0.36958937571659
-0.891891891891892 0.306701454689297 0.345455022415072 -1.10871708276944 -0.344791565159016 -13.2122510142827 -0.363926795372148
-0.885885885885886 0.299803966928464 0.344956025902944 -1.18818034357343 -0.346960162443522 -13.246213073319 -0.358206617339813
-0.87987987987988 0.292428711396109 0.344472225941458 -1.26779674872845 -0.349094234850775 -13.2631905138599 -0.352430246857709
-0.873873873873874 0.284575076687685 0.344018993507454 -1.34746327177114 -0.351193449150355 -13.2628482112912 -0.346599105831625
-0.867867867867868 0.276243076094694 0.343613199136724 -1.42707493655873 -0.35325748070063 -13.2448721971446 -0.340714632340629
-0.861861861861862 0.267433358927514 0.343273271307377 -1.50652494701534 -0.3552860135444 -13.208970548385 -0.334778280136888
-0.855855855855856 0.258147221043084 0.343019240778256 -1.58570482214651 -0.35727874050151 -13.1548742521333 -0.328791518139953
-0.84984984984985 0.248386614546241 0.342872766890623 -1.66450453616846 -0.359235363258416 -13.0823380437806 -0.322755829925729
-0.843843843843844 0.238154156634502 0.342857141449162 -1.74281266358604 -0.361155592454662 -12.9911412164703 -0.316672713210401
-0.837837837837838 0.22745313755708 0.342997265449016 -1.82051652904143 -0.363039147766244 -12.8810883999517 -0.310543679329556
-0.831831831831832 0.216287527660062 0.343319593628776 -1.89750236174382 -0.364885757985838 -12.7520103068345 -0.304370252712748
-0.825825825825826 0.204661983490816 0.343852041626154 -1.97365545427825 -0.366695161099845 -12.6037644443141 -0.298153970353776
-0.81981981981982 0.192581852935984 0.344623850416058 -2.04886032558067 -0.368467104362258 -12.4362357894707 -0.291896381276907
-0.813813813813814 0.180053179368681 0.345665402743173 -2.12300088785488 -0.370201344365302 -12.2493374262928 -0.285599045999324
-0.807807807807808 0.167082704781944 0.34700798644621 -2.19596061719587 -0.371897647106837 -12.0430111426235 -0.279263535990037
-0.801801801801802 0.153677871886902 0.348683499931051 -2.26762272767377 -0.373555788054503 -11.8172279852789 -0.272891433125525
-0.795795795795796 0.139846825155637 0.350724095605778 -2.3378703486219 -0.375175552206585 -11.5719887716476 -0.266484329142364
-0.78978978978979 0.125598410790297 0.353161757859721 -2.40658670486281 -0.376756734149579 -11.307324556141 -0.2600438250871
-0.783783783783784 0.110942175601637 0.356027813164989 -2.47365529959621 -0.378299138112453 -11.02329704993 -0.253571530763628
-0.777777777777778 0.0958883647818509 0.359352371110953 -2.53896009966386 -0.379802578017577 -10.7199989924746 -0.247069064178341
-0.771771771771772 0.080447918558292 0.363163696652139 -2.60238572289753 -0.381266877528317 -10.3975544734273 -0.240538050983291
-0.765765765765766 0.0646324677164868 0.367487515552565 -2.66381762724788 -0.382691870093276 -10.0561192035697 -0.233980123917651
-0.75975975975976 0.0484543279826612 0.372346256931015 -2.72314230138437 -0.384077398987181 -9.69588073352422 -0.227396922247704
-0.753753753753754 0.031926493257893 0.377758238928903 -2.78024745644904 -0.385423317348399 -9.31705861907037 -0.220790091205648
-0.747747747747748 0.0150626276979434 0.383736805802113 -2.83502221864 -0.38672948821308 -8.91990453198258 -0.214161281427453
-0.741741741741742 -0.0021229433652435 0.390289427137023 -2.88735732229455 -0.387995784545922 -8.50470231540321 -0.207512148390036
-0.735735735735736 -0.0196152436623582 0.39741677235511 -2.93714530313613 -0.389222089267558 -8.07176798285925 -0.20084435184802
-0.72972972972973 -0.037398657385823 0.405111776136408 -2.984280691344 -0.39040829527855 -7.62144966013248 -0.194159555270309
-0.723723723723724 -0.0554569417470794 0.413358712786838 -3.02866020410053 -0.39155430548001 -7.15412746929533 -0.187459425276756
-0.717717717717718 -0.0737732406878636 0.422132299817708 -3.07018293726683 -0.392660032790832 -6.67021335433189 -0.180745631075164
-0.711711711711712 -0.0923300997391937 0.431396853010909 -3.10875055583437 -0.393725400161546 -6.17015084787102 -0.174019843898878
-0.705705705705706 -0.111109482019652 0.44110551692047 -3.14426748279792 -0.394750340584797 -5.65441477867037 -0.16728373644521
-0.6996996996997 -0.130092785362395 0.451199596018875 -3.17664108609297 -0.395734797102453 -5.12351091960382 -0.160538982314949
-0.693693693693694 -0.149260860558214 0.461608012445963 -3.20578186324002 -0.396678722809353 -4.57797557601913 -0.153787255453207
-0.687687687687688 -0.168594030699783 0.472246916475379 -3.23160362333732 -0.397582080853695 -4.01837511445125 -0.147030229591831
-0.681681681681682 -0.188072111610092 0.483019475303983 -3.25402366604424 -0.398444844434094 -3.4453054317942 -0.140269577693634
-0.675675675675676 -0.20767443333594 0.493815864531168 -3.27296295719821 -0.39926699679329 -2.85939136515498 -0.133506971398681
-0.66966966966967 -0.227379862685166 0.50451348468203 -3.28834630070985 -0.400048531208552 -2.26128604273457 -0.126744080472862
-0.663663663663664 -0.24716682678424 0.514977422314782 -3.30010250638367 -0.400789450978772 -1.65167017620145 -0.119982572258988
-0.657657657657658 -0.267013337630661 0.525061171635213 -3.30816455331437 -0.401489769408265 -1.03125129514739 -0.113224111130648
-0.651651651651652 -0.286897017612571 0.534607628141524 -3.31246974851321 -0.402149509787311 -0.400762924336286 -0.106470357949036
-0.645645645645646 -0.306795125965898 0.543450360690125 -3.31295988042309 -0.402768705369432 0.239036295419799 -0.099722969522994
-0.63963963963964 -0.326684586137313 0.551415162584198 -3.3095813669868 -0.403347399345438 0.887363541800379 -0.092983598072483
-0.633633633633634 -0.346542014019319 0.5583218759467 -3.30228539793854 -0.403885644814271 1.5434127998546 -0.086253890695693
-0.627627627627628 -0.366343747021768 0.563986476880202 -3.29102807099615 -0.404383504750646 2.20635590401726 -0.0795354888400262
-0.621621621621622 -0.386065873942255 0.568223401894312 -3.27577052163861 -0.404841051969538 2.87534363194418 -0.0728300277771372
-0.615615615615616 -0.405684265595919 0.570848088975985 -3.25647904616193 -0.405258369087525 3.5495068487287 -0.0661391360822712
-0.60960960960961 -0.425174606163381 0.571679699684764 -3.23312521771543 -0.405635548481013 4.22795769994449 -0.059464435118071
-0.603603603603604 -0.4445124252138 0.570543981981882 -3.20568599503016 -0.405972692241383 4.90979085184489 -0.0528075385230804
-0.597597597597598 -0.463673130358306 0.567276227363088 -3.17414382356145 -0.406269912127073 5.59408477693594 -0.0461700517051205
-0.591591591591592 -0.482632040487438 0.56172427047291 -3.13848672877875 -0.406527329512636 6.2799030830304 -0.0395535713397447
-0.585585585585586 -0.50136441954467 0.553751474937534 -3.09870840134764 -0.406745075334804 6.96629588378206 -0.0329596848739522
-0.57957957957958 -0.519845510786576 0.54323964585325 -3.054808273961 -0.406923290035581 7.65230120859506 -0.0263899700353479
-0.573573573573574 -0.53805057147878 0.530091807373047 -3.00679158958955 -0.407062123502409 8.3369464497019 -0.0198459943469281
-0.567567567567568 -0.555954907975522 0.51423478328057 -2.95466946093533 -0.407161735005436 9.01924984410592 -0.0133293146476662
-0.561561561561562 -0.57353391112936 0.495621519426622 -2.89845892088597 -0.407222293131927 9.69822198798984 -0.0068414766190725
-0.555555555555556 -0.590763091976412 0.474233089484933 -2.83818296378201 -0.407243975717838 10.3728673811024 -0.000384014317890008
-0.549549549549549 -0.607618117641423 0.450080329670843 -2.77387057732513 -0.407226969776619 11.0421859985489 0.00604155028490616
-0.543543543543544 -0.62407484740597 0.423205053819639 -2.70555676497048 -0.407171471425251 11.7051748873308 0.0124337077586532
-0.537537537537538 -0.640109368882229 0.393680807451168 -2.63328255866267 -0.407077685807584 12.3608297849029 0.0187909616609323
-0.531531531531532 -0.655698034233911 0.361613128015385 -2.55709502179158 -0.406945827015003 13.0081467569445 0.025111828978739
-0.525525525525526 -0.670817496385325 0.327139288234014 -2.4770472422612 -0.406776118004457 13.6461238514755 0.0313948405627517
-0.519519519519519 -0.685444745158882 0.290427510098601 -2.39319831558203 -0.406568790513914 14.2737627663872 0.0376385415545603
-0.513513513513514 -0.69955714328091 0.251675648390522 -2.30561331791551 -0.40632408497526 14.8900705274006 0.0438414918067122
-0.507507507507508 -0.713132462195266 0.211109354260658 -2.21436326901683 -0.406042250424706 15.4940611734185 0.0500022662954588
-0.501501501501502 -0.72614891762395 0.168979741132664 -2.11952508504104 -0.405723544410728 16.084757446189 0.056119455526066
-0.495495495495496 -0.738585204813788 0.125560586650559 -2.02118152119588 -0.405368232899608 16.6611924811648 0.0621916659305833
-0.489489489489489 -0.750420533408196 0.0811451152565285 -1.91942110424355 -0.404976590178597 17.2224114964089 0.0682175202579376
-0.483483483483483 -0.761634661883116 0.036042415946506 -1.81433805487276 -0.404548898756767 17.7674734763696 0.0741956579562632
-0.477477477477477 -0.772207931486396 -0.00942644148011398 -1.70603219998135 -0.404085449263584 18.2954528473342 0.0801247355473494
-0.471471471471472 -0.782121299620179 -0.054932521042558 -1.59460887492918 -0.403586540345264 18.8054411413519 0.0860034269931048
-0.465465465465466 -0.791356372606301 -0.100143289789141 -1.48017881584014 -0.403052478558942 19.2965486454156 0.0918304240539554
-0.459459459459459 -0.799895437775212 -0.144726961500758 -1.3628580420515 -0.402483578264721 19.7679060326893 0.0976044366390758
-0.453453453453453 -0.807721494819584 -0.188356832932264 -1.24276772882797 -0.401880161515637 20.2186659725781 0.103324193148369
-0.447447447447447 -0.814818286354551 -0.230715530785434 -1.12003407047728 -0.4012425579456 20.6480047164491 0.108988440806121
-0.441441441441441 -0.821170327627365 -0.271499089760575 -0.994788134022865 -0.400571104655356 21.0551236558351 0.114595945986252
-0.435435435435435 -0.826762935320304 -0.310420786127679 -0.867165703608596 -0.39986614609651 21.4392508499785 0.120145494529086
-0.429429429429429 -0.831582255391705 -0.347214657169997 -0.737307115828832 -0.399128033953688 21.7996425196092 0.125635892049592
-0.423423423423423 -0.835615289901275 -0.381638644407259 -0.605357086195952 -0.398357127024867 22.1355845038891 0.13106596423701
-0.417417417417417 -0.838849922767113 -0.413477307479153 -0.471464526975649 -0.397553791099924 22.4463936775077 0.136434557145832
-0.411411411411411 -0.841274944403352 -0.44254406569921 -0.33578235663824 -0.396718398837477 22.7314193249621 0.141740537478072
-0.405405405405405 -0.842880075188846 -0.468682935281351 -0.198467301191872 -0.395851329640047 22.990044469123 0.146982792856778
-0.399399399399399 -0.843655987718984 -0.491769741782194 -0.059679687680778 -0.394952969527605 23.2216871512492 0.152160232090751
-0.393393393393393 -0.843594327794475 -0.511712799067921 0.0804167698515582 -0.394023711009562 23.425801659693 0.157271785430435
-0.387387387387387 -0.842687734102789 -0.528453057782162 0.221655191617996 -0.39306395295524 23.6018797046155 0.162316404814932
-0.381381381381381 -0.840929856549879 -0.541963737549242 0.363865760230065 -0.392074100462892 23.7494515361184 0.167293064110138
-0.375375375375375 -0.838315373201869 -0.552249467704882 0.506875955379584 -0.391054564727317 23.8680870032946 0.172200759337952
-0.369369369369369 -0.8348400057985 -0.559344970943167 0.650510794697495 -0.390005762906124 23.9573965517922 0.177038508896552
-0.363363363363363 -0.830500533802374 -0.563313332681039 0.794593080413656 -0.388928117984702 24.0170321575985 0.181805353771728
-0.357357357357357 -0.825294806950305 -0.564243905989532 0.938943651427886 -0.387822058639945 24.046688194853 0.186500357739254
-0.351351351351351 -0.819221756275479 -0.562249907491503 1.08338164038981 -0.38668801910279 24.0461022356192 0.191122607558285
-0.345345345345345 -0.812281403571594 -0.557465763595669 1.22772473537286 -0.385526439019624 24.0150557796618 0.195671213155808
-0.339339339339339 -0.804474869272644 -0.550044268793338 1.37178944571654 -0.3843377633126 23.953374912402 0.200145307802114
-0.333333333333333 -0.795804378724626 -0.540153618503342 1.51539137160043 -0.383122442038938 23.8609308893542 0.204544048277316
-0.327327327327327 -0.786273266828097 -0.527974378174449 1.65834547690355 -0.381880930249244 23.7376406454791 0.208866615028934
-0.321321321321321 -0.775885981033199 -0.513696448146787 1.80046636489387 -0.380613687844914 23.5834672280287 0.21311221232053
-0.315315315315315 -0.764648082671561 -0.497516080274441 1.94156855628445 -0.37932117943467 23.398420151599 0.217280068371452
-0.309309309309309 -0.752566246612254 -0.47963299769019 2.08146676918556 -0.378003874190285 23.1825556742531 0.221369435487673
-0.303303303303303 -0.739648259231852 -0.460247663542336 2.21997620047566 -0.376662245701547 22.9359769937237 0.225379590183778
-0.297297297297297 -0.725903014691529 -0.439558738259939 2.35691280810858 -0.375296771830516 22.6588343628593 0.229309833296116
-0.291291291291291 -0.711340509517018 -0.417760758121222 2.4920935938699 -0.373907934565135 22.3513251236284 0.233159490087148
-0.285285285285285 -0.695971835480215 -0.395042060824995 2.62533688609157 -0.372496219872227 22.0136936591558 0.236927910341041
-0.279279279279279 -0.679809170784154 -0.371582976605087 2.75646262183135 -0.371062117549962 21.6462312634229 0.240614468450538
-0.273273273273273 -0.662865769556062 -0.34755429637796 2.88529262802188 -0.369606121079809 21.2492759284214 0.244218563495149
-0.267267267267267 -0.645155949656161 -0.323116021651579 3.0116509010933 -0.368128727478061 20.8232120487164 0.247739619310714
-0.261261261261261 -0.626695078812884 -0.298416394604115 3.13536388457378 -0.366630437146957 20.3684700435309 0.251177084550384
-0.255255255255255 -0.607499559098125 -0.27359120099416 3.25626074417317 -0.36511175372547 19.8855258966325 0.254530432737082
-0.249249249249249 -0.587586809759136 -0.248763333492191 3.3741736398575 -0.363573183939801 19.3749006144621 0.257799162307482
-0.243243243243243 -0.566975248426594 -0.22404259870031 3.48893799442489 -0.362015237453634 18.8371596031091 0.260982796647589
-0.237237237237237 -0.545684270721331 -0.199525747599919 3.60039275809782 -0.36043842671821 18.2729119649008 0.264080884119955
-0.231231231231231 -0.523734228285076 -0.1752967064539 3.70838066865152 -0.35884326682225 17.6828097155334 0.267092998082636
-0.225225225225225 -0.501146405263471 -0.151426983285089 3.81274850660455 -0.3572302753418 17.0675469228352 0.270018736899902
-0.219219219219219 -0.477942993272396 -0.127976223927458 3.91334734500453 -0.355599972190031 16.4278587684079 0.272857723944815
-0.213213213213213 -0.454147064881468 -0.104992891252221 4.01003279335 -0.353952879467046 15.764520533554 0.275609607593738
-0.207207207207207 -0.429782545651287 -0.0825150414438221 4.10266523519813 -0.35228952130975 15.0783465110476 0.27827406121283
-0.201201201201201 -0.404874184763661 -0.0605711720633328 4.19111005901823 -0.35061042374182 14.3701888444624 0.280850783136624
-0.195195195195195 -0.379447524286698 -0.0391811180039479 4.27523788186124 -0.348916114523828 13.640936296918 0.283339496638762
-0.189189189189189 -0.353528867119149 -0.0183569732238305 4.35492476542734 -0.347207123003565 12.8915129512514 0.285739949894966
-0.183183183183183 -0.327145243660906 0.00189598175681265 4.43005242412619 -0.345483979966611 12.1228768437648 0.288051915938323
-0.177177177177177 -0.300324377258906 0.0215783642764626 4.50050842473774 -0.343747217487188 11.336018533836 0.290275192606988
-0.171171171171171 -0.273094648480055 0.0406958010797024 4.56618637729545 -0.341997368779367 10.5319596118159 0.29240960248436
-0.165165165165165 -0.245485058264976 0.0592580796663851 4.626986116829 -0.340234968048637 9.7117511477641 0.29445499283186
-0.159159159159159 -0.217525190018525 0.0772783495965455 4.68281387561914 -0.338460550343914 8.87647208369894 0.296411235514363
-0.153153153153153 -0.189245170695077 0.0947723814609137 4.73358244563365 -0.336674651410013 8.02722757216016 0.298278226918396
-0.147147147147147 -0.160675630938486 0.111757888913839 4.77921133083078 -0.334877807540631 7.16514726399297 0.300055887863206
-0.141141141141141 -0.131847664338494 0.128253917027096 4.81962688903415 -0.333070555431898 6.29138354837391 0.301744163504749
-0.135135135135135 -0.102792785867048 0.144280298292611 4.85476246310161 -0.331253432036506 5.40710974819983 0.303343023232761
-0.129129129129129 -0.0735428895596149 0.159857175902632 4.88455850112953 -0.329426974418491 4.51351827405814 0.304852460560945
-0.123123123123123 -0.0441302055080886 0.17500459248072 4.90896266545377 -0.327591719608696 3.61181874008632 0.306272493010412
-0.117117117117117 -0.0145872562332215 0.189742141230947 4.92792993022847 -0.32574820446094 2.70323604511237 0.307603161986466
-0.111111111111111 0.0150531874941937 0.204088675513049 4.94142266738455 -0.323896965508961 1.78900842254402 0.308844532648824
-0.105105105105105 0.0447581513130679 0.218062072128446 4.94941072079088 -0.322038538824153 0.870385462544142 0.309996693775388
-0.0990990990990991 0.0744945023413474 0.231679043101406 4.9518714684623 -0.320173459874141 -0.0513738899076673 0.311059757619652
-0.0930930930930931 0.104228994582736 0.244954990442182 4.94878987268078 -0.318302263382225 -0.975003357412683 0.312033859761872
-0.0870870870870871 0.133928314597857 0.257903898262974 4.94015851791787 -0.316425483187746 -1.89923136930717 0.312919158954076
-0.0810810810810811 0.163559127366323 0.27053825665931 4.92597763646894 -0.314543652107398 -2.8227831138308 0.313715836959041
-0.075075075075075 0.19308812226568 0.282869011944522 4.90625512173249 -0.31265730179752 -3.74438259953453 0.314424098383333
-0.0690690690690691 0.2224820590929 0.294905538109107 4.88100652909042 -0.310766962617414 -4.66275472212886 0.3150441705045
-0.0630630630630631 0.251707814053862 0.306655624746599 4.85025506436795 -0.308873163493716 -5.57662733295633 0.315576303092562
-0.0570570570570571 0.280732425646221 0.318125477121415 4.81403155987499 -0.306976431785856 -6.48473330526363 0.316020768225866
-0.051051051051051 0.309523140361152 0.329319724532627 4.77237443805367 -0.305077293152642 -7.38581259444744 0.316377860101434
-0.045045045045045 0.338047458129649 0.340241433633865 4.72532966277964 -0.303176271419996 -8.27861428845533 0.316647894839908
-0.039039039039039 0.366273177439435 0.350892123889736 4.6729506783878 -0.301273888449881 -9.16189864453811 0.316831210285192
-0.0330330330330331 0.394168440049028 0.361271782872488 4.61529833651566 -0.299370664010447 -10.0344391085722 0.316928165798909
-0.0270270270270271 0.421701775226128 0.371378879621491 4.55244081088046 -0.297467115647423 -10.8950243132023 0.316939142049775
-0.021021021021021 0.448842143438256 0.381210374797849 4.48445350012823 -0.295563758556793 -11.7424600510915 0.316864540797993
-0.015015015015015 0.475558979424487 0.39076172686519 4.41141891891556 -0.293661105458778 -12.5755712196144 0.316704784674795
-0.00900900900900903 0.501822234578126 0.400026894016018 4.33342657740623 -0.291759666473162 -13.3932037333797 0.316460316957205
-0.00300300300300305 0.527602418571363 0.408998332043391 4.25057284938682 -0.289859948995977 -14.1942264010335 0.31613160133817
0.00300300300300305 0.552870640154202 0.41766698883378 4.16296082922611 -0.287962457577592 -14.9775327628592 0.315719121692142
0.00900900900900892 0.577598647061399 0.426022296633215 4.07070017792431 -0.286067693802211 -15.7420428857691 0.315223381836219
0.015015015015015 0.601758864962673 0.434052163718945 3.97390695851759 -0.284176156168832 -16.4867051123652 0.314644905286968
0.0210210210210211 0.625324435393087 0.441742967595717 3.87270346112403 -0.282288339973668 -17.2104977608335 0.313984235013029
0.027027027027027 0.648269252602314 0.449079552329873 3.76721801793536 -0.280404737194075 -17.9124307725377 0.313241933183596
0.0330330330330331 0.670567999263358 0.456045233132866 3.65758480847798 -0.278525836373994 -18.5915473042768 0.312418580912906
0.0390390390390389 0.692196180983286 0.462621811801879 3.54394365548439 -0.276652122510948 -19.2469252622822 0.311514778000821
0.045045045045045 0.713130159560672 0.468789607106878 3.42643981173343 -0.274784076944603 -19.877678775146 0.31053114266962
0.0510510510510511 0.733347184936606 0.474527504663268 3.30522373823426 -0.272922177246923 -20.4829596029914 0.309468311297114
0.057057057057057 0.752825425788457 0.479813031223812 3.18045087414476 -0.271066897113938 -21.0619584803237 0.308326938146169
0.0630630630630631 0.771543998717963 0.484622458633131 3.05228139883003 -0.269218706259146 -21.6139063901324 0.307107695090761
0.069069069069069 0.789482995987667 0.488930942877759 2.92087998648085 -0.267378070308574 -22.1380757669507 0.305811271338674
0.075075075075075 0.80662351176235 0.492712703694698 2.7864155537253 -0.265545450697509 -22.633781626721 0.304438373150912
0.0810810810810811 0.822947666814677 0.495941250028647 2.64906100067933 -0.263721304568932 -23.1003826214593 0.302989723557974
0.087087087087087 0.838438631657026 0.498589656208611 2.50899294589343 -0.261906084673654 -23.5372820168628 0.301466062073062
0.0930930930930931 0.853080648064262 0.500630893005826 2.36639145566356 -0.260100239272191 -23.9439285911566 0.299868144402351
0.0990990990990992 0.866859048954996 0.502038216699179 2.22143976818399 -0.258304212038389 -24.3198174536334 0.298196742152393
0.105105105105105 0.879760276601848 0.502785617882074 2.07432401302868 -0.25651844196481 -24.6644907814978 0.296452642534805
0.111111111111111 0.891771899144115 0.502848329978807 1.92523292645556 -0.254743363269901 -24.977538473792 0.294636648068284
0.117117117117117 0.902882625379258 0.502203395297995 1.77435756303514 -0.252979405306961 -25.2585987213406 0.292749576278116
0.123123123123123 0.913082317812674 0.500830283954122 1.62189100411037 -0.251226992474918 -25.5073584918211 0.290792259393225
0.129129129129129 0.922362003948219 0.498711558178043 1.46802806359998 -0.24948654413094 -25.7235539292349 0.288765544040896
0.135135135135135 0.930713885805115 0.495833571480605 1.31296499166108 -0.247758474504875 -25.90697066722 0.286670290939268
0.141141141141141 0.938131347649916 0.492187188924937 1.15689917672969 -0.246043192615551 -26.057444055819 0.284507374587685
0.147147147147147 0.944608961935352 0.487768511523212 1.00002884645991 -0.244341102188946 -26.1748593014862 0.282277682955023
0.153153153153153 0.950142493441023 0.482579584648555 0.842552768082707 -0.242652601578222 -26.2591515202866 0.279982117166078
0.159159159159159 0.95472890161399 0.47662906750863 0.684669948705829 -0.240978083685666 -26.3103057044104 0.277621591186129
0.165165165165165 0.958366341110506 0.469932838345923 0.52657933607429 -0.239317935886516 -26.3283566022971 0.275197031503749
0.171171171171171 0.961054160543185 0.462514508299347 0.368479520309204 -0.237672539954702 -26.3133885128295 0.272709376812011
0.177177177177177 0.962792899441035 0.454405815969145 0.210568437139249 -0.236042271990511 -26.2655349942273 0.270159577688124
0.183183183183183 0.963584283432862 0.445646874844919 0.0530430731346466 -0.234427502350174 -26.1849784884325 0.267548596271657
0.189189189189189 0.963431217667587 0.436286247032882 -0.103900826551409 -0.232828595577393 -26.0719498619449 0.264877405941404
0.195195195195195 0.962337778488031 0.426380819263389 -0.260069047435482 -0.23124591033681 -25.9267278642244 0.262146990991015
0.201201201201201 0.960309203377707 0.415995461034554 -0.415269191459402 -0.229679799349431 -25.7496385049348 0.259358346303482
0.207207207207207 0.957351879203076 0.405202449954139 -0.569310958765244 -0.228130609330007 -25.5410543514595 0.25651247702456
0.213213213213213 0.953473328776604 0.394080655813726 -0.722006425015783 -0.226598680926374 -25.3013937482708 0.25361039823526
0.219219219219219 0.948682195768769 0.382714482527882 -0.873170313795984 -0.225084348660777 -25.031119959879 0.250653134623457
0.225225225225225 0.942988227999937 0.371192575583411 -1.02262026364227 -0.22358794087315 -24.7307402392359 0.247641720154754
0.231231231231231 0.936402259145696 0.359606311785744 -1.17017708925776 -0.222109779666387 -24.4008048236007 0.244577197742682
0.237237237237237 0.928936188891867 0.34804809751305 -1.3156650364841 -0.220650180853596 -24.0419058600146 0.241460618918306
0.243243243243243 0.920602961577951 0.336609510994134 -1.458912030614 -0.219209453907328 -23.6546762626583 0.238293043499385
0.249249249249249 0.911416543370209 0.325379332879436 -1.59974991764256 -0.217787901910811 -23.2397885044888 0.235075539259126
0.255255255255255 0.90139189800797 0.314441517126443 -1.7380146980699 -0.216385821511157 -22.7979533456746 0.231809181594667
0.261261261261261 0.890544961169017 0.30387316053136 -1.87354675288365 -0.215003502874573 -22.3299185014574 0.228495053195354
0.267267267267267 0.8788926135021 0.293742533701606 -2.00619106136547 -0.213641229643557 -21.8364672521763 0.22513424371093
0.273273273273273 0.86645265237671 0.284107238530317 -2.1357974103828 -0.212299278896096 -21.3184169982941 0.221727849419708
0.279279279279279 0.853243762402217 0.275012557039255 -2.2622205948442 -0.210977921106845 -20.776617763355 0.218276972896837
0.285285285285285 0.839285484770382 0.266490053637168 -2.38532060901465 -0.209677420110306 -20.2119506478954 0.21478272268275
0.291291291291291 0.824598185476984 0.258556487353236 -2.50496282840546 -0.208398033065998 -19.6253262374082 0.21124621295188
0.297297297297297 0.809203022480001 0.251213082534812 -2.6210181819724 -0.207140010425609 -19.0176829675366 0.207668563181745
0.303303303303303 0.79312191185329 0.244445196063137 -2.73336331437474 -0.205903595902141 -18.3899854497406 0.204050897822494
0.309309309309309 0.776377492996157 0.238222406685866 -2.84188073806795 -0.204689026441035 -17.7432227607408 0.200394345966998
0.315315315315315 0.758993092960523 0.232499038053129 -2.94645897502218 -0.203496532193274 -17.0784066990959 0.196700041021587
0.321321321321321 0.74099268995854 0.227215112033228 -3.04699268787979 -0.202326336490466 -16.3965700123177 0.192969120377518
0.327327327327327 0.722400876114622 0.22229771350497 -3.14338280038483 -0.201178655821895 -15.6987645979674 0.189202725083276
0.333333333333333 0.703242819526761 0.217662732745711 -3.23553660693897 -0.200053699813533 -14.9860596822047 0.185401999517782
0.339339339339339 0.683544225702811 0.213216937433317 -3.32336787115885 -0.198951671209023 -14.2595399792905 0.181568091064616
0.345345345345345 0.663331298438147 0.208860313801762 -3.40679691333087 -0.197872765852602 -13.5203038355568 0.177702149787336
0.351351351351351 0.642630700201604 0.204488606214684 -3.48575068668094 -0.196817172673983 -12.7694613613689 0.173805328105981
0.357357357357357 0.621469512097104 0.199995976832349 -3.56016284239747 -0.195785073675166 -12.0081325546065 0.169878780474865
0.363363363363363 0.599875193468626 0.195277702504749 -3.6299737833674 -0.194776643919187 -11.2374454191854 0.165923663061728
0.369369369369369 0.577875541216384 0.190232824742348 -3.69513070660587 -0.193792051520784 -10.4585340821294 0.161941133428351
0.375375375375375 0.555498648892134 0.184766670655172 -3.75558763438146 -0.192831457638982 -9.6725369126806 0.157932350212717
0.381381381381381 0.532772865641429 0.178793168009888 -3.81130543405959 -0.19189501647158 -8.8805946469127 0.153898472812811
0.387387387387387 0.509726755060478 0.172236885778403 -3.86225182670738 -0.190982875251531 -8.08384852127539 0.149840661072145
0.393393393393393 0.486389054034915 0.165034742346177 -3.90840138452397 -0.190095174245205 -7.28343841845914 0.145760074967091
0.399399399399399 0.462788631627353 0.157137336402327 -3.94973551718021 -0.189232046752526 -6.48050102892114 0.141657874296123
0.405405405405405 0.438954448080033 0.148509869846322 -3.98624244717176 -0.18839361910897 -5.67616803136083 0.13753521837104
0.411411411411411 0.414915513998194 0.139132647161505 -4.01791717430911 -0.187580010689409 -4.8715642953714 0.133393265710278
0.417417417417417 0.390700849778976 0.129001150947293 -4.04476142948719 -0.186791333913789 -4.06780610942861 0.129233173734359
0.423423423423423 0.366339445349794 0.118125708008222 -4.06678361789621 -0.186027694254638 -3.26599943730481 0.125056098463626
0.429429429429429 0.341860220279024 0.106530773956614 -4.08399875185329 -0.185289190246374 -2.46723820591756 0.120863194218267
0.435435435435436 0.317291984320814 0.0942538761624094 -4.09642837345279 -0.184575913496412 -1.67260262753906 0.1166556133208
0.441441441441441 0.292663398454473 0.081344264647422 -4.10410046724997 -0.183887948698048 -0.883157559201412 0.112434505801031
0.447447447447447 0.268002936477644 0.0678613278608077 -4.10704936320994 -0.183225373645112 -0.0999509020397419 0.108201019103614
0.453453453453453 0.24333884721099 0.0538728350067606 -4.10531563016955 -0.18258825924836 0.67598795678548 0.103956297798278
0.459459459459459 0.218699117370571 0.0394530686755206 -4.09894596007572 -0.181976669553611 1.44364965705019 0.0997014832928048
0.465465465465466 0.194111435162508 0.0246809110328773 -4.08799304327852 -0.181390661761588 2.20204633088326 0.0954377135488448
0.471471471471471 0.169603154652751 0.00963794394465603 -4.07251543517153 -0.180830286249462 2.95021301832344 0.0911661228006432
0.477477477477477 0.145201260963043 -0.00559338155793264 -4.05257741448557 -0.180295586594079 3.68720903081741 0.0868878412767691
0.483483483483484 0.120932336342238 -0.0209314577619605 -4.02824883355496 -0.179786599596841 4.41211926058084 0.0826039949249132
0.489489489489489 0.0968225271602031 -0.0362970739977485 -3.99960496088706 -0.179303355310241 5.12405543386853 0.0783157051398445
0.495495495495496 0.0728975118694969 -0.0516147797613755 -3.96672631637785 -0.178845877066013 5.82215730632548 0.0740240884945934
0.501501501501501 0.0491824699779665 -0.0668140346695272 -3.92969849952639 -0.178414181504893 6.50559379872074 0.0697302564749479
0.507507507507508 0.0257020520731911 -0.0818301319483942 -3.88861201101102 -0.178008278607958 7.17356407149787 0.0654353152173306
0.513513513513514 0.00248035093755734 -0.0966048910273811 -3.84356206799918 -0.177628171729538 7.82529853670922 0.0611403652501357
0.519519519519519 -0.0204591262095524 -0.111087122949331 -3.79464841357086 -0.177273857631661 8.46005980603754 0.0568465012385966
0.525525525525526 -0.0430934843082585 -0.125232879457902 -3.7419751206431 -0.176945326520028 9.07714357374535 0.0525548117332582
0.531531531531531 -0.0654004658615174 -0.139005502588967 -3.68565039078948 -0.176642562081483 9.67587943353058 0.0482663789221258
0.537537537537538 -0.08735847511584 -0.152375496260313 -3.62578634835424 -0.176365541522958 10.2556316284068 0.0439822783865588
0.543543543543544 -0.108946600992332 -0.165320244678377 -3.5624988302658 -0.176114235611882 10.8157997328655 0.0397035788609765
0.549549549549549 -0.130144638743464 -0.177823604384528 -3.49590717195791 -0.175888608718012 11.3558192667184 0.0354313419964513
0.555555555555556 -0.150933110313426 -0.189875397525518 -3.42613398981053 -0.175688618856674 11.8751622401568 0.0311666221282391
0.561561561561561 -0.171293283382398 -0.201470833578739 -3.35330496052446 -0.175514217733396 12.3733376297056 0.0269104660473325
0.567567567567568 -0.191207189077581 -0.212609885452488 -3.2775485978454 -0.175365350789888 12.8498917848875 0.0226639127760811
0.573573573573574 -0.210657638336314 -0.223296643796254 -3.19899602705382 -0.175241957251367 13.3044087655515 0.0184279933479479
0.57957957957958 -0.229628236909101 -0.233538670687791 -3.11778075763681 -0.175143970175193 13.7365106099551 0.0142037305914686
0.585585585585586 -0.248103398992898 -0.243346370803641 -3.03403845455732 -0.175071316500777 14.1458575338264 0.00999213891845426
0.591591591591591 -0.266068359487448 -0.252732394909002 -2.9479067085342 -0.175023917100766 14.5321480607644 0.00579422411651642
0.597597597597598 -0.283509184869988 -0.261711087185417 -2.85952480574399 -0.175001686833447 14.8951190844664 0.00161098314593936
0.603603603603604 -0.30041278268606 -0.270297984692041 -2.76903349735232 -0.175004534596364 15.2345458634016 -0.00255659605900756
0.60960960960961 -0.316766909656635 -0.278509374243438 -2.67657476927818 -0.175032363381116 15.5502419486748 -0.00670753478430677
0.615615615615616 -0.332560178404128 -0.286361909271812 -2.58229161259007 -0.175085070329302 15.8420590459475 -0.0108408637259059
0.621621621621622 -0.3477820628023 -0.29387228688455 -2.4863277949269 -0.175162546789599 16.1098868124048 -0.0149556231748663
0.627627627627628 -0.362422901957354 -0.301056983363601 -2.38882763333076 -0.175264678375932 16.3536525898719 -0.0190508631978979
0.633633633633634 -0.376473902829868 -0.307932044792902 -2.28993576887122 -0.17539134502672 16.5733210752977 -0.0231256438132543
0.63963963963964 -0.389927141509418 -0.314512928335453 -2.18979694343357 -0.175542421065161 16.7688939299334 -0.0271790351619197
0.645645645645646 -0.402775563156012 -0.320814388888713 -2.08855577903481 -0.175717775260527 16.9404093286379 -0.0312101176740737
0.651651651651652 -0.415012980624569 -0.326850405389354 -1.98635656002253 -0.175917270890457 17.0879414508434 -0.0352179822307837
0.657657657657658 -0.426634071790815 -0.332634140872247 -1.88334301850225 -0.17614076580419 17.211599914814 -0.0392017303208999
0.663663663663664 -0.437634375598988 -0.338177930465111 -1.77965812332849 -0.176388112486741 17.3115291569179 -0.0431604741931083
0.66966966966967 -0.448010286853735 -0.343493291769781 -1.67544387298463 -0.176659158123966 17.3879077577271 -0.0470933370031287
0.675675675675676 -0.457759049780519 -0.348590952495002 -1.57084109266518 -0.1769537446685 17.4409477168369 -0.0509994529560166
0.681681681681682 -0.466878750380673 -0.353480890718849 -1.46598923586248 -0.177271708906536 17.470893678379 -0.0548779674435523
0.687687687687688 -0.47536830760904 -0.358172383730916 -1.36102619074808 -0.177612882525408 17.4780221092732 -0.0587280371766927
0.693693693693694 -0.48322746340384 -0.362674062000731 -1.25608809162603 -0.177977092181966 17.4626404323319 -0.0625488303130647
0.6996996996997 -0.490456771600008 -0.366993965410927 -1.15130913572306 -0.178364159571692 17.4250861163937 -0.0663395265794912
0.705705705705706 -0.497057585758846 -0.371139599459261 -1.04682140556676 -0.178773901498537 17.3657257257201 -0.0700993173895175
0.711711711711712 -0.503032045948249 -0.375117989656364 -0.942754697189773 -0.179206129945459 17.2849539309428 -0.0738274059559527
0.717717717717718 -0.508383064509182 -0.378935732815124 -0.839236354383878 -0.179660652145607 17.1831924838929 -0.0775230073983864
0.723723723723724 -0.513114310845394 -0.382599044336655 -0.736391109213758 -0.180137270654151 17.0608891586885 -0.0811853488457019
0.72972972972973 -0.517230195274528 -0.386113800944657 -0.634340928985939 -0.180635783420698 16.9185166614907 -0.0848136695335674
0.735735735735736 -0.520735851979989 -0.389485578605487 -0.533204869853707 -0.181155983862293 16.7565715113681 -0.088407220896903
0.741741741741742 -0.52363712110389 -0.392719685598723 -0.433098937224135 -0.181697660936947 16.575572894738 -0.091965266657334
0.747747747747748 -0.525940530022422 -0.39582119087744 -0.33413595311854 -0.182260599217683 16.3760614958681 -0.0954870829056279
0.753753753753754 -0.527653273845816 -0.398794947984732 -0.236425430622502 -0.18284457896706 16.1585983059394 -0.0989719581791301
0.75975975975976 -0.528783195185841 -0.401645614879877 -0.140073455546849 -0.183449376212151 15.9237634131795 -0.102419193534193
0.765765765765766 -0.529338763234489 -0.4043776700805 -0.0451825754056114 -0.184074762819929 15.6721547765776 -0.105828102613633
0.771771771771772 -0.529329052198059 -0.406995425552581 0.048148304197924 -0.18472050657306 15.4043869856921 -0.109198011709216
0.777777777777778 -0.528763719131381 -0.40950303678412 0.139824015701015 -0.185386371246044 15.1210900090546 -0.112528259819191
0.783783783783784 -0.52765298121731 -0.411904510466058 0.229753218166233 -0.186072116681689 14.8229079336603 -0.115818198700905
0.78978978978979 -0.526007592536964 -0.414203710180196 0.317848478274974 -0.186777498867892 14.5104976980208 -0.119067192918505
0.795795795795796 -0.523838820376382 -0.416404360462426 0.404026343698512 -0.187502270014684 14.18452782123 -0.122274619885773
0.801801801801802 -0.52115842111546 -0.418510049573546 0.488207408829946 -0.188246178631525 13.8456771304695 -0.125439869904112
0.807807807807808 -0.517978615745043 -0.420524231271995 0.570316372874779 -0.189008969604807 13.494633489347 -0.128562346195722
0.813813813813814 -0.514312065058055 -0.422450225844831 0.65028209031239 -0.189790384275543 13.1320925294257 -0.131641464931997
0.81981981981982 -0.510171844560389 -0.424291220616589 0.728037613754376 -0.190590160517215 12.7587563872622 -0.134676655257182
0.825825825825826 -0.505571419147144 -0.426050270121322 0.803520229239838 -0.19140803281375 12.3753324492264 -0.137667359307344
0.831831831831832 -0.500524617589444 -0.427730296091625 0.876671484020968 -0.19224373233759 11.9825321063263 -0.14061303222468
0.837837837837838 -0.495045606876776 -0.429334087390244 0.94743720690559 -0.193096987027843 11.5810695212109 -0.143513142167219
0.843843843843844 -0.489148866459295 -0.430864299984915 1.01576752123623 -0.193967521668468 11.1716604094649 -0.146367170313979
0.84984984984985 -0.482849162434078 -0.432323457045422 1.08161685059765 -0.19485505796649 10.7550208372513 -0.149174610865611
0.855855855855856 -0.47616152171866 -0.433713949223258 1.1449439173572 -0.195759314630196 10.3318660372939 -0.151934971040601
0.861861861861862 -0.469101206254581 -0.435038035158523 1.20571173415375 -0.196680007447295 9.90290924512382 -0.154647771067073
0.867867867867868 -0.461683687282914 -0.436297842245502 1.26388758846275 -0.197616849363022 9.46886055744729 -0.157312544170276
0.873873873873874 -0.453924619732934 -0.437495367677415 1.31944302037543 -0.19856955055815 9.03042581441732 -0.159928836555787
0.87987987987988 -0.445839816764262 -0.438632479781881 1.37235379374109 -0.199537818526887 8.58830550751773 -0.162496207388528
0.885885885885886 -0.437445224501862 -0.439710919651357 1.42259986083112 -0.200521358154641 8.14319371469095 -0.165014228767638
0.891891891891892 -0.428756897002297 -0.44073230306696 1.47016532069308 -0.201519871795611 7.69577706426071 -0.167482485697283
0.897897897897898 -0.419790971488628 -0.441698122709482 1.51503837137227 -0.202533059350201 7.24673372912003 -0.169900576053486
0.903903903903904 -0.410563643890211 -0.442609750647727 1.55721125618685 -0.203560618342221 6.79673245257062 -0.172268110547023
0.90990990990991 -0.401091144722548 -0.443468441091535 1.59668020425033 -0.204602243995845 6.34643160711576 -0.174584712682502
0.915915915915916 -0.391389715341133 -0.444275333394717 1.63344536544328 -0.205657629312326 5.89647828742207 -0.176850018713658
0.921921921921922 -0.381475584601994 -0.445031455291545 1.66751074004284 -0.206726465146417 5.44750743857784 -0.179063677594999
0.927927927927928 -0.371364945960409 -0.445737726349338 1.69888410322508 -0.207808440282503 5.00014102068808 -0.181225350929833
0.933933933933934 -0.361073935037884 -0.446394961618908 1.72757692466148 -0.208903241510403 4.55498721075631 -0.183334712914808
0.93993993993994 -0.350618607686213 -0.44700387546419 1.75360428343607 -0.21001055370083 4.11263964271438 -0.185391450281016
0.945945945945946 -0.340014918576022 -0.447565085552133 1.77698477851466 -0.211130059880487 3.67367668637112 -0.187395262231778
0.951951951951952 -0.329278700335793 -0.448079116983907 1.79774043500207 -0.212261441306784 3.23866076596081 -0.189345860377182
0.957957957957958 -0.318425643265972 -0.448546406548619 1.81589660642692 -0.213404377542143 2.80813771888242 -0.191242968665488
0.963963963963964 -0.307471275651258 -0.448967307080963 1.83148187329706 -0.214558546527894 2.3826361951307 -0.193086323311462
0.96996996996997 -0.296430944692775 -0.4493420919046 1.84452793817113 -0.215723624657718 1.96266709783134 -0.194875672721773
0.975975975975976 -0.285319798080273 -0.449670959343498 1.85506951749433 -0.216899286850646 1.54872306520352 -0.196610777417525
0.981981981981982 -0.274152766223056 -0.449954037283976 1.86314423044779 -0.218085206623578 1.14127799418543 -0.198291409954037
0.987987987987988 -0.262944545156836 -0.450191387770772 1.86879248506243 -0.219281056163311 0.740786605872081 -0.199917354837954
0.993993993993994 -0.251709580142157 -0.450383011621051 1.87205736184848 -0.220486506398063 0.347684052828302 -0.201488408441814
