This is mode QR for Dims 20 x 5
Q.T*Q = Id? True
Q*R= A? True
this is R (should be upper triangular)
      2.58       1.78       1.36       1.74       2.14 
         0       1.87      0.643      0.982      0.987 
         0          0       1.32      0.403      0.285 
         0          0          0       1.82      0.589 
         0          0          0          0       1.34 
This is mode All for Dims 10 x 10
Q.T*Q = Id? True
Q*R= A? True
A*x=b? True
Q*R*x=b? True
A*Ainv=b? True
this is R (should be upper triangular)
      1.91          1      0.682      0.835       1.65       1.23       1.89       1.04       1.91       1.49 
         0       1.17      0.708      0.226      0.663      0.682      0.556      0.287     -0.157     0.0699 
         0          0      0.709      0.848      0.484      0.536      0.429      0.473      0.509      0.796 
         0          0          0       1.09      0.268        0.2      0.096      0.541      0.512      0.629 
         0          0          0          0      0.705     0.0035    -0.0287      0.136      -0.35    -0.0624 
         0          0          0          0          0      0.827     -0.348      0.438      0.345    -0.0748 
         0          0          0          0          0          0      0.298     -0.378       0.52     -0.186 
         0          0          0          0          0          0          0      0.704     -0.224     -0.464 
         0          0          0          0          0          0          0          0      0.258      0.401 
         0          0          0          0          0          0          0          0          0      0.398 
A*Ainv (should be Id)
         1   8.33e-16   9.99e-16  -7.22e-16   5.55e-17  -4.44e-16  -1.22e-15   2.22e-16  -7.22e-16  -3.89e-16 
  8.88e-16          1  -6.66e-16   2.78e-16  -4.44e-16  -5.55e-17  -4.44e-16  -1.11e-16   1.78e-15   1.67e-16 
  5.55e-16  -1.94e-16          1   8.88e-16   1.67e-15   1.67e-16          0  -1.11e-16  -7.77e-16   1.89e-15 
  7.22e-16  -2.36e-16  -2.22e-16          1  -5.55e-17     -5e-16  -3.33e-16          0   1.67e-16  -2.22e-16 
  2.78e-16  -6.94e-18   1.89e-15   8.05e-16          1  -3.33e-16  -4.44e-16   2.78e-16   5.55e-17   5.55e-16 
  1.67e-16  -2.36e-16  -5.55e-16  -1.39e-16   1.11e-16          1  -2.22e-16   5.55e-17  -3.33e-16   3.61e-16 
 -5.55e-16   8.33e-17   4.44e-16   1.11e-16  -1.11e-16  -4.44e-16          1          0  -8.88e-16     -5e-16 
  5.69e-16   5.72e-17    8.6e-16   3.82e-16   3.61e-16  -1.25e-16  -7.22e-16          1   9.85e-16   3.12e-16 
 -2.22e-16   3.47e-16   7.77e-16  -6.11e-16   4.44e-16  -3.33e-16  -1.11e-15   4.44e-16          1  -3.89e-16 
   2.5e-16   1.51e-16  -8.33e-16   2.29e-16  -7.91e-16  -5.48e-16  -1.05e-15  -6.94e-17  -5.97e-16          1 
This is b     0.127      0.371      0.475      0.369      0.557      0.306     0.0685      0.168      0.263      0.439 
A*x=      0.127      0.371      0.475      0.369      0.557      0.306     0.0685      0.168      0.263      0.439 
Q*R*x=      0.127      0.371      0.475      0.369      0.557      0.306     0.0685      0.168      0.263      0.439 
