0 1 0
0.01 0.99995 -0.00999983333333333
0.03 0.999550026666444 -0.0299955001
0.07 0.997550886593112 -0.0699428428996267
0.15 0.988769264779972 -0.149437972387474
0.31 0.952304958931275 -0.30505324888762
0.520893181786674 0.867270865547838 -0.497615389697864
0.754798194535425 0.728212618800126 -0.685011948100351
0.9979671166025 0.541750600425989 -0.840092718642072
1.24470697756929 0.320078464759342 -0.946835197032321
1.49280358644106 0.0777309656912883 -0.996291169415867
1.74141549776858 -0.169809548496284 -0.984627618340595
1.99022569511892 -0.407011083297819 -0.912335767818373
2.23911512821035 -0.619131119218914 -0.78382311909423
2.48803914451514 -0.793046892314879 -0.607014025424439
2.73698100439705 -0.918023943636619 -0.392821618964814
2.98593443417141 -0.986359496783115 -0.154464086312283
3.23489708344919 -0.993849556451714 0.0933528126020627
3.48386807241018 -0.940044876815602 0.335342887568814
3.73284707242948 -0.82827722695759 0.556582114664961
3.98183396147779 -0.665453156168413 0.743428922767988
4.23082869496054 -0.461627513851382 0.884365430663414
4.47983125730697 -0.229382856495057 0.970707706259247
4.72884164382516 0.0169470373505742 0.997141199758852
4.97785985390112 0.262161661993108 0.962048296575107
5.22688588844977 0.491131725425065 0.867607766802093
5.47591974895952 0.689732665166645 0.719659965014884
5.72496143713414 0.845716134842336 0.527346090295113
5.9740109547586 0.949465679540877 0.302543760832971
6.22306830364872 0.994589960275528 0.0591337301696794
6.47213348563232 0.978316909794907 -0.18785700286058
6.72120650254217 0.901664485603888 -0.423182804953225
6.97028735621333 0.769377473609099 -0.632320484168942
7.21937604848218 0.589634236529888 -0.802365738542879
7.468472581186 0.373541503777637 -0.922829634869147
7.71757695616288 0.134448387020695 -0.986285941855633
7.96668917525164 -0.112878030166022 -0.988829345785532
8.21580924029181 -0.353164629074026 -0.930316250272017
8.46493715312366 -0.571575410151434 -0.814373284362284
8.71407291558814 -0.754627622906184 -0.648172986626062
8.96321652952693 -0.891024293067486 -0.441990511348262
9.2123679967824 -0.972351726790242 -0.208568728515446
9.46152731919764 -0.993598906588079 0.0376690736482623
9.71069449861646 -0.953466691200789 0.281510257806307
9.95986953688337 -0.854447712978138 0.507892637746523
10 -0.833383192516931 0.541763847715257
