1 0 0 1
1.00049974228656 0.00100050007578661 0.001 0.999500007580834
1.00149767673162 0.00300450204370641 0.003 0.998500069682486
1.00348730907829 0.00702452589784586 0.007 0.996500395225248
1.00744133725347 0.0151127535323192 0.015 0.992501960298051
1.01524609100375 0.0314827144301412 0.031 0.984509615290029
1.03042298745074 0.0650026695049684 0.063 0.968549972623984
1.05888210796246 0.135205721564723 0.127 0.936786376948856
1.10675648251676 0.288503493348408 0.255 0.874323585155889
1.14771934480123 0.539726017572798 0.439573480060266 0.788462141631213
1.13770781114622 0.862718694804228 0.64878911284172 0.700369655005107
1.04041232339228 1.22071782349242 0.864971107753205 0.623466380187679
0.834009155445985 1.56284951536674 1.08059522655906 0.564506172294705
0.520903333915807 1.82704826625991 1.29305867437377 0.52635620449952
0.134618121944494 1.95695741477729 1.50211502370313 0.509792578396672
-0.267405961792359 1.92486909175653 1.70883447690436 0.514574137703605
-0.624811037777805 1.74288852206686 1.91501599863483 0.540102857145585
-0.895094167450056 1.4540207544131 2.12260701426566 0.585670252117831
-1.06211135418476 1.11202682785593 2.33323978260066 0.650299508419654
-1.13185955812346 0.763677257163669 2.54804206188817 0.732387714328271
-1.12241145605708 0.440431892664884 2.76765694542247 0.829372250858173
-1.0547642869038 0.158600435473142 2.99234501197969 0.93753954451515
-0.94747771928562 -0.0764415026043453 3.22209722996836 1.05201551029345
-0.814742097391647 -0.265609729552058 3.45673297486218 1.16693724155891
-0.666437289156508 -0.412623272716889 3.69597267147656 1.27577941114968
-0.508985985822381 -0.521857063761391 3.93947614066659 1.3717930564039
-0.346346173725304 -0.597196753027066 4.18684019976002 1.44851550341767
-0.180883852438239 -0.641508966645699 4.43755794307037 1.50032363572792
-0.0140712066209294 -0.656444536766257 4.69095677814834 1.5230080884973
0.152963596499827 -0.642401907735232 4.94614801419848 1.51432075618402
0.318983479567061 -0.598553478600168 5.20202752251243 1.47439275511906
0.482221151422965 -0.522885638476841 5.45735131930767 1.40587803702159
0.639902269049211 -0.412250440808087 5.71087017657348 1.31371530004632
0.787604238304133 -0.262504949178653 5.9614688022884 1.20453143693379
0.918355019597507 -0.0689442162989481 6.20825227274638 1.08584786091078
1.02148037524194 0.172583125261546 6.45055860257812 0.965290946644675
1.08149499308544 0.463296321108493 6.68791965197312 0.849941094267556
1.07792842801944 0.797263603742284 6.92001375616334 0.745861910297612
0.987849634750041 1.15551472197211 7.14664968730583 0.657800621261683
0.793223629053405 1.50093705437137 7.36780608407589 0.589049543547665
0.493041077972706 1.77977710377598 7.58373464671756 0.541475101381943
0.114075493688037 1.93565376181423 7.79511588969475 0.515726485811138
-0.290591058087874 1.93288606976212 8.00320457223129 0.511611583076631
-0.659103876099273 1.77347692907922 8.20980771613937 0.528543120776205
-0.94323780180472 1.49455244874084 8.41696776744101 0.565831693440729
-1.12096490787424 1.15017375937071 8.62651962213325 0.62263772800651
-1.19505583938704 0.791458715809849 8.83982009872128 0.697653888813681
-1.18338803374957 0.455005840578328 9.05770969541191 0.788738326948831
-1.10862823373204 0.16095995384956 9.28059702848973 0.892656251137405
-0.991539397812931 -0.0832817897739496 9.50857369432643 1.00499404622273
-0.848245851099349 -0.278036687593264 9.74152079263824 1.12025891542209
-0.690021690301773 -0.427259444188965 9.97919353243097 1.23214714501706
-0.524171748993247 -0.535938177940166 10.2212749220381 1.33394322945461
-0.35515392832121 -0.608682316514594 10.4673904524956 1.41900586814641
-0.18558377488075 -0.649069346689796 10.7170817907783 1.48130697906795
-0.0170324425041325 -0.659409971536123 10.9697502071672 1.5160016076754
0.149359351245431 -0.640718178604948 11.2245966831659 1.5199955831573
0.312395499031352 -0.592766767706643 11.4805976439736 1.49243194475396
0.470401368456095 -0.514167190078673 11.736549918005 1.43496194584351
0.62078404534788 -0.402458282542807 11.9911868805848 1.35166548452048
0.759478280341777 -0.254253606771686 12.2433239912976 1.2485842887355
0.880185463474984 -0.0656058425477661 12.4919718043425 1.13298131618216
0.973389726842536 0.167096066221875 12.7363776786945 1.01252719701608
1.02535677092378 0.445203585622614 12.9760026768864 0.894583670829683
1.01779317954371 0.764300183252196 13.210472155259 0.785660203489211
0.929599585993973 1.10899807027788 13.4395435903263 0.691048186399864
0.742717874370673 1.44761133964769 13.6631225030514 0.614618928697803
0.452847834286758 1.7313526281475 13.8813407899236 0.558785401022036
0.0809296493940082 1.90434987534697 14.0946952383125 0.524640049463669
-0.324567708545886 1.92492196601709 14.3042091733917 0.512270561897855
-0.701554584367628 1.78579618204939 14.5114965785985 0.521197747850421
-0.997150784999294 1.51736554282932 14.7185585658325 0.550756671997164
-1.18377068948834 1.17249100266209 14.9273521792222 0.600186882041549
-1.26076879801956 0.805503857279506 15.1394315777184 0.668395677041813
-1.2455609935279 0.457679696676255 15.3558293450178 0.753587228574061
-1.16237534651985 0.152978225625529 15.5771070338484 0.852952134650819
-1.03421261388704 -0.0990703130746063 15.803464847107 0.962513100099906
-0.879209487971269 -0.298099506415645 16.0348535691338 1.07715562316411
-0.710090010752639 -0.448268504323068 16.2710687000669 1.19083701058037
-0.535056159361057 -0.555179381643358 16.5118170189316 1.29694242142921
-0.359048159633457 -0.624173536235531 16.7567466830835 1.3887439887913
-0.184895517330492 -0.659540543043439 17.0054357479574 1.45992389684108
-0.0142269307601404 -0.664239389542947 17.2573444903969 1.50513613187564
0.151843617428402 -0.63987337405152 17.5117525302677 1.52058165344507
0.312192422556936 -0.586773555300434 17.7677166592459 1.50453817001197
0.465253599391007 -0.504116849737522 18.024087990468 1.45772794558842
0.608602551817498 -0.390053036184087 18.2796049074722 1.38337804535567
0.738466145335634 -0.241871582348339 18.5330352690351 1.28688926716886
0.849071536391599 -0.0563314202854429 18.783308278583 1.17517356849755
0.931804256314946 0.169587152850952 19.0295841465197 1.0558426113879
0.97432325996706 0.437088875532233 19.27125137159 0.936441044046658
0.960163527277633 0.742615073042956 19.5078816376239 0.823836391370113
0.870001634830165 1.07329382469431 19.739187042292 0.723790167944228
0.686383148145923 1.40177424398573 19.9650163436056 0.640697575868143
0.403100768856098 1.68406188229131 20.185410411764 0.577489398020927
0.0366433566349022 1.86633707484268 20.4007209343023 0.53570564793469
-0.368885016069978 1.90350964100747 20.6117715520434 0.515750052871599
-0.752122847132173 1.78081014634419 20.819975077765 0.517297033327314
-1.05667969704173 1.52195583583288 21.0272361434867 0.539719439456227
-1.25000719760612 1.17758522708355 21.2355744036463 0.582299007031231
-1.32810119908212 0.804140389688743 21.446708479706 0.644090542181736
-1.307774243395 0.44691617758055 21.6618529724353 0.723573176810634
-1.21473011168375 0.133455377135472 21.8817232063015 0.818304417025229
-1.07422059344532 -0.124610079772187 22.1066328881334 0.92470680655278
-0.90644343737134 -0.326221677075985 22.3366084803701 1.03803478062717
-0.725602085746675 -0.475746617194759 22.5714908343829 1.15252567638654
-0.54079004634261 -0.579413932481164 22.8110124180841 1.2617110026957
-0.357397123247605 -0.643306443505951 23.0548408685465 1.35884631627789
-0.178420813251018 -0.67242387265326 23.3025816984878 1.43741697685639
-0.00549949234235458 -0.670358053803072 23.5537412726249 1.49168991816967
0.160322381870577 -0.639273206361125 23.8076655645599 1.51728910602375
0.318027098050092 -0.580017813633005 24.0634864089111 1.5117509515754
0.466177438958016 -0.492280475877417 24.3201153845529 1.47496239706272
0.602514613464879 -0.374755515592516 24.5763123867517 1.40933785716461
0.723516687121885 -0.225335904082362 24.8308174733039 1.31961878710205
0.823834364956129 -0.0414305477638318 25.0824936602086 1.21230419487664
0.895567705195848 0.179378267236874 25.3304209992914 1.09486406453779
0.927493910162166 0.437978083838422 25.5739161676194 0.97493964767233
0.904675218003691 0.731209936133271 25.8124965927098 0.859674837356045
0.809427721559194 1.04789159274588 26.0458322290603 0.755227982456398
0.625245057759057 1.36399403124844 26.2737261254981 0.666457713163521
0.345030703560596 1.63977655326213 26.4961496047931 0.59677160478727
-0.0178850286259578 1.82425423102667 26.7133412634205 0.548142866840316
-0.423152246138638 1.87100148324707 26.9259591586937 0.52130697469898
-0.810662891154397 1.7597607418912 27.135226288564 0.516127248883105
-1.12153594836112 1.50828726903639 27.3429187668748 0.532037337003079
-1.3190017220162 1.16450204042787 27.5510660181225 0.568344170193227
-1.39597198011802 0.786027395266999 27.7615129160646 0.624198707255854
-1.36865720568407 0.421418779041124 27.9756390752782 0.69829127572759
-1.26419275483762 0.101383216447056 28.1943091348319 0.78848713892402
-1.1100763179823 -0.160531639504335 28.4179514049196 0.891564572363137
-0.9285782753446 -0.36266068143927 28.6466714013346 1.00312439030813
-0.735375128707189 -0.509628772014335 28.8803590789199 1.11768611754603
-0.540418147651582 -0.608321814312326 29.1187747755724 1.22895461097459
-0.349494129930007 -0.665575354871066 29.3616042158975 1.33021929914448
-0.165709871023857 -0.687092779224243 29.6084741475967 1.41484153962707
0.00934171970278976 -0.67707734180294 29.8589264572251 1.4767955912035
0.17473196481367 -0.63822116306138 30.1123615140544 1.51124054681989
0.329584090654114 -0.571847787771786 30.3679779566588 1.51508966557082
0.472611102387478 -0.478106351193321 30.624748329662 1.48749760873336
0.601723204032462 -0.356175908183462 30.8814645846689 1.43013069517155
0.713623845989919 -0.204488155196115 31.1368553874839 1.34708463355821
0.803315644973326 -0.0210465776241138 31.3897328919246 1.24441366525947
0.863476705114827 0.19597528540128 31.6391064240537 1.12938607949512
0.883793246977219 0.44704570735189 31.8842241691762 1.00966824255605
0.850607508232063 0.729087711536407 32.1245498000575 0.89260740420649
0.7477176195801 1.03198277264849 32.3597131883826 0.784689094765988
0.559741156375899 1.33415295015989 32.589479185255 0.691173269379412
0.279424652448523 1.59942702767311 32.8137654142766 0.615895625320123
-0.0819334521510364 1.77990193132409 33.0327229551299 0.56123439427574
-0.486940515085214 1.8293271580789 33.2468760556638 0.528254653408369
-0.876898535093293 1.72391637229233 33.4572796229206 0.517029720975794
-1.19127801995871 1.47662792550672 33.665569590563 0.527077510533395
-1.38991575859731 1.13267496617284 33.8737445836793 0.557727138861622
-1.46311101252313 0.750185502199354 34.083737035841 0.608189687831008
-1.4266298452234 0.380201370554398 34.2970694497432 0.677312523846394
-1.30905305445098 0.0560260204738536 34.514746400893 0.763212293295047
-1.14010394314626 -0.20721550412325 34.7373080575695 0.862975236276882
-0.944092794365935 -0.407439891239969 34.9649395022925 0.972516751441082
-0.738117263692464 -0.549632413140842 35.197581737831 1.08662734525067
-0.532916702699107 -0.641385406548295 35.4350246468973 1.1991964175912
-0.334597855384621 -0.69029997052598 35.676971558132 1.30358069284565
-0.146303355452062 -0.702770412429333 35.9230662533744 1.39307260955679
0.0304821838494048 -0.68358191317467 36.1728778480277 1.46143021683081
0.194995133869869 -0.635914757134823 36.4258503262184 1.50344380008846
0.346534996635907 -0.561521507042572 36.6812396427217 1.51551181078477
0.48398646746255 -0.460960970868036 36.9380758189521 1.49616142456937
0.605434292404273 -0.333841435054368 37.1951881213411 1.44639094589424
0.707790371911442 -0.17907511717801 37.4513061350215 1.36968939342314
0.786357886761135 0.00479162454524396 37.7052052075912 1.27166199048455
0.834292408467786 0.219014658589238 37.9558346404334 1.15933847933489
0.842030755434672 0.463582732180971 38.2023796812886 1.04035534116166
0.796998607332584 0.735279268433564 38.4442523001028 0.922200694536761
0.684328170132285 1.02457904093824 38.6810442226357 0.811623276489843
0.489845560863177 1.31163787182794 38.912487462422 0.714223298941588
0.206669546209845 1.56315733219644 39.1384576724007 0.634211794469187
-0.15498359712413 1.73423510466587 39.3590385140485 0.574334193274026
-0.559818323239536 1.77981486173887 39.5746480886546 0.535968679343092
-0.950429114322355 1.67433150220327 39.7861988542437 0.51940508161181
-1.26529195409507 1.42735975216338 39.9951899379743 0.524263445642594
-1.46172039536181 1.08183429809714 40.20356290933 0.54989963357788
-1.52804597719554 0.695994095383067 40.4133029109016 0.595561845983919
-1.47990649505991 0.322638536485909 40.6260504542515 0.660210728287407
-1.34740959207141 -0.00300749213734288 40.8429365478272 0.742162973203654
-1.1624699856284 -0.264718220260446 41.0646068151982 0.838764382329537
-0.951353610313521 -0.460282715909871 41.2913235116994 0.946207246065595
-0.732472408483939 -0.595203774047313 41.523078566191 1.05953169229332
-0.517240988758172 -0.677848884097553 41.7596920666607 1.17280987036334
-0.311980548530528 -0.716597129021495 42.0008846781895 1.27948467885358
-0.119779968679414 -0.718512406761712 42.2463143643244 1.37281931747941
0.0580547216536766 -0.688922142272923 42.4955711128234 1.44641623923082
0.220976252588462 -0.63144657416572 42.7481332488491 1.49477786246725
0.368494875058327 -0.54821601044299 43.0033044083193 1.51388479728428
0.499686779348043 -0.440146777328694 43.2601660830699 1.50173841101615
0.612816706135187 -0.30722360275055 43.5175858420756 1.45875752962071
0.704992684095958 -0.1487866116781 43.7743023619055 1.3878824227082
0.771780299426208 0.0361216604145813 44.0290660557734 1.29428871767929
0.806737517293751 0.248210172579671 44.2807771081925 1.18475286935747
0.80093218671367 0.486952255261962 44.5285650172319 1.06684352639614
0.742721247258085 0.748834303590337 44.7717937343279 0.948138796624714
0.618446902139216 1.02456989111836 45.0100193065311 0.835593644387021
0.415186923975835 1.29547118578649 45.2429451564157 0.73509030796504
0.126828087218047 1.53047291098583 45.4704138302586 0.651160812767917
-0.236700309361893 1.68742391798882 45.6924573314851 0.586873609543151
-0.641349766432725 1.72311189732655 45.909410928186 0.543892560523312
-1.03071072022146 1.61167882010627 46.122070423142 0.52271742772207
-1.34275373237059 1.36081535345329 46.3318110815983 0.523079662296928
-1.53315743029398 1.01191068497152 46.5405046293144 0.544368560993793
-1.58908019631325 0.623172619510848 46.7501608485357 0.585856158208238
-1.52649808557485 0.248502250964079 46.9625130580125 0.646582538481483
-1.37719461061493 -0.0757011137622478 47.1788021662577 0.725019316329629
-1.17522491793219 -0.332704615757796 47.3997695884585 0.818724916135154
-0.948667113635013 -0.52055238666553 47.6257495702124 0.924127560291567
-0.717077190876663 -0.64547046097384 47.8567827092833 1.03648826870521
-0.492383206320794 -0.716684709875197 48.0927186596908 1.15004979064393
-0.280984255639438 -0.743360237680807 48.3332948823733 1.25834793113192
-0.0858095353272866 -0.733197491436384 48.5781814455575 1.35464320839675
0.0920901468382329 -0.692014097969847 48.8269843598266 1.43242941042978
0.252435636428399 -0.623812164919801 49.0792085250711 1.48598848856487
0.394979920927255 -0.531042283868121 49.3341961052128 1.51096876256012
0.519007237076416 -0.414923998878856 49.5910726650482 1.50494170117146
0.622965752173059 -0.275767499776869 49.8487418621148 1.46783854634353
0.704148939080534 -0.11329315323879 50.1059558898727 1.40212183012156
0.758354956555935 0.0730013232372758 50.3614494960877 1.31257623905866
0.779487295694947 0.283300428196681 50.6140840598253 1.20573010859543
0.75915514420757 0.516539075660084 50.8629415156609 1.08906286018386
0.686532450256561 0.768790822903352 51.1073429495119 0.970203620499304
0.549077335558434 1.03073753825332 51.3468120607782 0.856264251694605
0.3351522513051 1.28438819661739 51.5810275354976 0.75335470331762
0.0397282516611116 1.50035851348972 51.8098057978759 0.666273828536882
-0.326877096179444 1.63894165863966 52.0331396809759 0.5983650402816
-0.731059408151951 1.65917841918712 52.2513010468688 0.551542458372297
-1.11701295412866 1.53615724418645 52.4649931835323 0.526498344056722
-1.42257380971042 1.27716396036713 52.675485685988 0.523075510852374
-1.60268775902527 0.922958140698908 52.8845786550884 0.54070172587614
-1.64426361575363 0.531763084203453 53.0942865053269 0.578665836059462
-1.56421480237722 0.157992957762133 53.3064118617098 0.636062087172725
-1.39620611021304 -0.161575321532084 53.5222871701561 0.71147835669043
-1.17635636825048 -0.410388015877495 53.742737263384 0.802641472273874
-0.934344460499331 -0.587200739077421 53.9681606577627 0.906173280058899
-0.690630054160707 -0.699204093360072 54.1986423057772 1.01752187817173
-0.457440380231199 -0.756570874608574 54.4340593837597 1.13108046930695
-0.2410843606932 -0.769249603868111 54.674165034041 1.24047462318848
-0.0442106795663739 -0.745528642919569 54.9186396900227 1.33897781435565
0.132465825541062 -0.691649301497585 55.1671016200401 1.42001058764097
0.288984025224978 -0.611926642679057 55.4190758599768 1.4776901888525
0.425367157819787 -0.50906756238612 55.6739347113988 1.50740769897906
0.541119159658116 -0.384538234161343 55.9308397952951 1.50639382748146
0.634871454738251 -0.238924932182133 56.1887263926562 1.47418421198849
0.704091839005615 -0.072285371293013 56.4463615059148 1.41284307324705
0.744786281048909 0.115462312033358 56.7024708628582 1.32681767372383
0.751160177795076 0.323996602139172 56.9558862598978 1.22241039192921
0.715297870896429 0.551696252708064 57.2056507004087 1.10700517686246
0.627108735294106 0.794132084137816 57.4510487411336 0.988254652197013
0.475105198376207 1.04174351083615 57.6915760279136 0.8733859314721
0.248977386990338 1.27687245782252 57.9268904277007 0.768686737728117
-0.0549425562649297 1.4713603663332 58.156788082203 0.67916981018299
-0.425358266829342 1.58765364296674 58.3812327764583 0.608403335683325
-0.828368741443659 1.58732800252506 58.6004492214187 0.558510640846776
-1.20835319420189 1.44746814185553 58.8150700814436 0.530350528208934
-1.50332659351186 1.17635753106557 59.0262798232107 0.523868474561552
-1.66843160248102 0.815115276592762 59.2358132353588 0.53853201526379
-1.69136242401355 0.422129906948213 59.4456772701524 0.573643080266153
-1.59067409385934 0.051774111675069 59.6577233697938 0.628331548741105
-1.40215071432563 -0.259636050975188 59.8733564180306 0.701268909915825
-1.16385592332218 -0.496479897402468 60.0934702049415 0.790309421613183
-0.906780238825541 -0.658729432432491 60.318517612017 0.892226154851309
-0.651972117897446 -0.754797006276989 60.5486217670516 1.00261715692983
-0.411691103196492 -0.795882681759889 60.7836839574018 1.11599997410381
-0.191958837926684 -0.792696912054931 61.0234711778119 1.22607902886403
0.00498868528247902 -0.754047383819137 61.267672526193 1.3261475833716
0.178853910381534 -0.686516276628968 61.5159154849361 1.40957898768023
0.330038785284965 -0.594651534898143 61.7677398562522 1.47037194411609
0.458857542432769 -0.481346247719024 62.0225404993424 1.50372632276247
0.56503891803704 -0.348254918033503 62.2795069223395 1.5066145841063
0.647392535358703 -0.196192587934233 62.5376000701562 1.47826705634004
0.7035475737036 -0.0255165254397783 62.7956005892163 1.42043408018251
0.709147463595752 -1.73685297943276E-15 62.8318530717959 1.41014394231839
