1 0 0 1
1.00049974979156 0.00100050008329161 0.001 0.999500000083333
1.00149774436656 0.00300450224661181 0.003 0.998500002249999
1.00348767829109 0.00702452848237761 0.007 0.996500028583285
1.00744304158024 0.0151127790991382 0.015 0.992500281247637
1.01525344654252 0.031482942524914 0.031 0.984502482491153
1.03045398843804 0.0650046251551782 0.063 0.96852083400573
1.05901300234415 0.135222435105534 0.127 0.936670589821297
1.10732053017403 0.288650526342664 0.255 0.873878221635154
1.1493579681696 0.538700932842236 0.438293321495659 0.787811379930817
1.14237280157595 0.860527149224662 0.645597321618963 0.69919426870209
1.05057330703914 1.21954596719235 0.859694540957653 0.621250248043602
0.851167524757205 1.56708821568241 1.07322568582687 0.560749968676005
0.54406180663523 1.8419855926669 1.28359536816689 0.520655816555876
0.159854416747815 1.9862515457571 1.49048896541087 0.501838298707371
-0.24551338421925 1.96842545284124 1.69488130312169 0.504114255759997
-0.610860183775832 1.7968634190693 1.89849822760783 0.526909567916296
-0.891350795173656 1.5127215920299 2.10326390431031 0.569541022502457
-1.06847468860977 1.17010764964428 2.31082505416619 0.631095086106115
-1.1467814775869 0.817403913709225 2.52234031961702 0.71008528242441
-1.143926485935 0.487834789939713 2.73848905529607 0.804114576570822
-1.08114379656744 0.199000416984302 2.95956537957617 0.909665053287059
-0.977474289237121 -0.0430204856576895 3.18557615353168 1.02205540625792
-0.847588638292321 -0.238893661040094 3.41631691385552 1.13557449195989
-0.701750364533521 -0.392375694641227 3.65142495593317 1.24378469277177
-0.546645672831545 -0.508052702890259 3.89041565943814 1.33997337419442
-0.386367096941792 -0.590132625490933 4.132708190654 1.41771104668024
-0.223267017016789 -0.641878086298537 4.37764509136349 1.4714546269976
-0.0586240671146244 -0.665371865714295 4.62450869035994 1.49711922484942
0.106840506284926 -0.661426454942938 4.87253612394043 1.49253756432546
0.27252847026751 -0.629537818300415 5.12093399655611 1.4577358107787
0.437534779216653 -0.567844463361512 5.36889325089431 1.39497827663326
0.600138402083175 -0.473103474026392 5.61560456956143 1.30856765029689
0.757122959571517 -0.340757064802283 5.86027456055119 1.20442548340472
0.902841595807691 -0.165261959016165 6.10214309060823 1.0895117986015
1.02799939405712 0.058986627096467 6.34050247862233 0.971165767563895
1.11833254417557 0.335594686807664 6.5747199709783 0.856457152857528
1.15386738107539 0.66231756697006 6.80426623002321 0.751630211528298
1.110321809061 1.02522108607507 7.02875485394567 0.661701536013432
0.964964955663097 1.39254223165144 7.24800153457682 0.590247276258839
0.708046785077263 1.71341003225904 7.46211520985033 0.539390944993563
0.35558542350721 1.92832724542876 7.67162913189759 0.509985950589793
-0.047126281513425 1.99159468075162 7.877639805642 0.501969686990846
-0.4387546458262 1.8922669837674 8.08182268418642 0.514809128862855
-0.764560301838223 1.6575168394174 8.28616683083662 0.547839161474824
-0.992920601899799 1.33764137266467 8.49253139773087 0.600281215118921
-1.11808130229439 0.98547628392914 8.70233494829405 0.670964267732996
-1.15253846218924 0.642098779368581 8.91648706219215 0.75795958718141
-1.1166711924815 0.332400267457929 9.13545952948128 0.858299699563422
-1.03100708318133 0.0675120270872492 9.35938967974378 0.967852660015214
-0.912435504400443 -0.15042443857746 9.588168629849 1.08137113192535
-0.773302463204235 -0.323967902974674 9.82150518333483 1.19271641098659
-0.621930049238032 -0.457463447091113 10.0589696674493 1.2952435661192
-0.463575481416142 -0.555373304830187 10.3000242824871 1.3823159372617
-0.30136253228916 -0.621440127497869 10.5440453343141 1.44789653635825
-0.137038051666006 -0.658317146531961 10.7903410169543 1.48714563611774
0.0284445395138301 -0.667421868628163 11.0381670432862 1.4969438561476
0.194457567430271 -0.648874580801284 11.2867414845134 1.47626288443873
0.360273182063579 -0.601455801002898 11.535259585341 1.42632332616575
0.524598277017928 -0.522570404678038 11.782908977369 1.35050917330525
0.684982198346863 -0.408260456648238 12.0288855604077 1.2540457166217
0.837006218638079 -0.253387599547138 12.272410344683 1.14348483299462
0.973190865741191 -0.0522353322782361 12.5127477757804 1.02607070741138
1.08168091789282 0.200026181027337 12.749226587386 0.909074350103143
1.14511590775004 0.50438105053512 12.9812652242804 0.799184433154089
1.14080946884216 0.852996695149501 13.2084056624612 0.702026761032293
1.04429731996807 1.22284835415419 13.4303624254672 0.621860366081906
0.838308882363988 1.57140521798692 13.6470976014902 0.561472122752926
0.525890178363278 1.84107915503701 13.8589337890208 0.522270980976831
0.139546761897317 1.97697464184086 14.0666978057741 0.504567967997243
-0.26425573697201 1.95070263004965 14.2718142335082 0.507995798711105
-0.625187986627492 1.77296152580248 14.4761770839182 0.531925986264783
-0.899968208890689 1.48587639440506 14.6817537257119 0.57564777215011
-1.07150935226658 1.14325269796102 14.8901831755319 0.638204976644214
-1.14519005353176 0.792511874854172 15.1026028048139 0.718044156866705
-1.13889135619105 0.465874236703984 15.3196715254787 0.812682583570818
-1.07370204775443 0.180216937256294 15.5416670399618 0.918508649868703
-0.968383438471027 -0.0587754370805386 15.7685832882526 1.03075200330292
-0.837333618069399 -0.251916858186305 16.0002052150247 1.14363063587534
-0.69060459184389 -0.402966750578052 16.2361609483944 1.25066762007759
-0.534738303546421 -0.516441891132822 16.4759575978446 1.34515413907598
-0.373739035771693 -0.596450463257105 16.7190067219139 1.42071539529842
-0.209913888560491 -0.646144258649999 16.9646438762571 1.47191584446487
-0.0445304274920227 -0.667490510900384 17.2121451043633 1.4948258572846
0.121669589102246 -0.661181531855673 17.4607421095477 1.48746869569841
0.288031647461541 -0.626586821976917 17.7096371109766 1.45007771786757
0.453546790089707 -0.561712746035849 17.9580179389964 1.38511874317613
0.616321728037163 -0.463186815095318 18.2050736908733 1.29706759564855
0.772869519544168 -0.326349290360209 18.4500112132461 1.19197118553521
0.917139231021583 -0.14563993593003 18.6920728113544 1.07685410132789
1.03927480521806 0.0843658967165514 18.9305559680245 0.959054606592528
1.12432790820156 0.366710766000494 19.1648366232085 0.845580162620783
1.15169823662629 0.697966069668975 19.3943989686006 0.742563130074058
1.09697559944652 1.06225870019157 19.6188771320389 0.654876037203584
0.938478589043307 1.42546480830586 19.838117794914 0.585939424088755
0.66914663224164 1.73510662569917 20.0522760526648 0.537731389765858
0.308696167969748 1.93248052718207 20.2619496343457 0.510991185953623
-0.0948180250709245 1.97561681922162 20.4683095860852 0.505589068457736
-0.479973070612183 1.85852235040907 20.6730852983107 0.520969057100991
-0.794455166498079 1.6119510095753 20.8782660653851 0.55645407249687
-1.00995056357704 1.28713652151424 21.0856625684259 0.611221302670733
-1.12332917671276 0.935693031111144 21.2966281655415 0.684003186329884
-1.14839040871125 0.596602503991453 21.5120135553144 0.772728519860878
-1.10570129871182 0.292842944851665 21.7322447348126 0.87426070671182
-1.01537711978604 0.0342552476648272 21.9574248876475 0.98429577628505
-0.89371951352947 -0.177698619599199 22.1874192791538 1.09743677161455
-0.752536961437915 -0.345828779567287 22.4219163023259 1.20744293681316
-0.599740577631254 -0.474484362781516 22.6604694262527 1.30763742902761
-0.440304989218896 -0.568008331225771 22.9025264661525 1.39143850761241
-0.277176895874002 -0.629970159114378 23.147451292088 1.45295830497077
-0.112008029596028 -0.662828387706266 23.3945414377521 1.48759580961141
0.0542765130287634 -0.667795628514071 23.6430437678473 1.49254239831124
0.221014461753152 -0.644778468434559 23.8921694771307 1.4671233515894
0.387371716816173 -0.592334508350782 24.1411091373503 1.41291848595501
0.551854391861928 -0.507642311785802 24.3890481919171 1.33363686031544
0.711678100642169 -0.386537979815788 24.635183171445 1.23475862625642
0.861905544750473 -0.223758886669504 24.8787389578207 1.1229936882185
0.994303274150981 -0.0136760422662697 25.1189876986911 1.00563424429089
1.09602441095573 0.248004845071442 25.3552705702992 0.889891083835382
1.14863302583621 0.560933839465077 25.5870247044896 0.78230005819846
1.12876725755764 0.914805397935363 25.8138195678393 0.688267851035877
1.0126122598137 1.2830698670098 26.0354102663797 0.611800836526101
0.785892644651362 1.61980851420434 26.251819105998 0.555434978257609
0.456952653046672 1.86661021774906 26.463455695167 0.520364939579912
0.0636859502089803 1.97231421139475 26.6712588091536 0.506754492120888
-0.335213951769588 1.9157822259685 26.8767589428477 0.514168384462282
-0.681586861887634 1.71465549106237 27.0818925971717 0.541959322111324
-0.936979728941862 1.41451505602253 27.2885829283615 0.5893801035348
-1.08908027654139 1.06871112724551 27.4983752524357 0.655369445700654
-1.1462825789163 0.721898155989712 27.7123094469637 0.738193216079283
-1.12751338345817 0.403122944380109 27.9309642100629 0.835134719403042
-1.05359775798432 0.12680391732894 28.1545567326734 0.942328589432102
-0.942480096247339 -0.102854922606166 28.3830358993237 1.05476789902819
-0.807677521962785 -0.287358807002682 28.6161522383313 1.16648870794365
-0.658510904122775 -0.430657298999221 28.8535065216485 1.27092166853958
-0.500989647316739 -0.537186055105774 29.0945833253664 1.36138303549012
-0.338763334606492 -0.610843451524608 29.3387752649947 1.43165673143999
-0.173925220541711 -0.654517173854035 29.5854019716559 1.47659961559689
-0.00763959454105715 -0.669888022438216 29.8337264175515 1.49268973915117
0.159360129074304 -0.657348974110458 30.082970162553 1.47843717025957
0.326331202570781 -0.615957957363983 30.3323284226975 1.4345913976415
0.492059071088396 -0.543400779722507 30.5809854610657 1.36410728295527
0.654285445108951 -0.435995000299806 30.8281306064486 1.27186830297155
0.808935778598981 -0.288839421170513 31.0729751912147 1.16420406986216
0.949075482162863 -0.0963331456121185 31.314770887199 1.0482708143008
1.0636270830748 0.146531247955031 31.552830383487 0.931382165663557
1.13618187819042 0.441501172314239 31.7865522523964 0.82038000452052
1.14488562893895 0.782463558909437 32.0154534718616 0.721122366922942
1.0652997505249 1.14925170894324 32.2392157930541 0.638142076060522
0.878396823525278 1.50274006174985 32.4577559426306 0.574503128207063
0.583215386723992 1.78745605513948 32.6713315470418 0.531859268569302
0.207251103458165 1.94708622916604 32.8806804738352 0.510702996997778
-0.196248957155147 1.9479842245299 33.0871287217889 0.510765720019968
-0.566455820906443 1.79437116499595 33.2925066094578 0.531445959696328
-0.856551132546343 1.52390870833358 33.4987894881702 0.572038049485146
-1.0450952252959 1.18927814716366 33.7076809044125 0.631621515945487
-1.1341610867226 0.839365648973359 33.9203996121012 0.70872878001557
-1.14001138112052 0.508881969510434 34.1376770344487 0.801003662763858
-1.08347820628527 0.217007575141399 34.3598468175962 0.904980224915777
-0.983797989100274 -0.0289559121110397 34.5869434771791 1.01602884733795
-0.856075888552411 -0.228891419143332 34.8187807312483 1.12848043530735
-0.711034519586257 -0.386123733976559 35.0550069848455 1.23592340764649
-0.555752001989471 -0.505035550719984 35.2951435443967 1.33165213890024
-0.394624481867127 -0.589760402593522 35.538611687452 1.40922553819091
-0.230229895904047 -0.643549697130965 35.7847532292633 1.46307381353679
-0.0640148031268829 -0.668499396707623 36.032847658254 1.48907599471216
0.10316751469804 -0.665438975517655 36.2821277313089 1.48502603618152
0.270602009232724 -0.63387636367807 36.5317946324548 1.45091478940264
0.43726202194433 -0.571956877855601 36.7810333129363 1.38897899062203
0.601279614868803 -0.476447984633165 37.0290283694824 1.30350307550059
0.759245120064599 -0.342827025584381 37.2749807425063 1.20039843550437
0.905253929990313 -0.165651130760414 37.5181256321143 1.08661958910263
1.02968618095494 0.0604506705936941 37.7577523929489 0.969500372114556
1.11792711965764 0.338621159010879 37.9932279074657 0.856101213550514
1.1497592723206 0.665832298760188 38.2240262890701 0.752650437417683
1.10102975661686 1.02706999438946 38.4497700903933 0.664141926329447
0.949843730780632 1.38952601606669 38.6702917054478 0.594124978684391
0.688088904103004 1.70205598470173 38.8857268276172 0.544697462831622
0.333653492072277 1.90639891715118 39.0966453608245 0.516695379494148
-0.0671829512242414 1.95943423313348 39.3041816566032 0.51005167953358
-0.453653094774938 1.85281082931721 39.510030043047 0.524235384797858
-0.77267624968912 1.61496687281355 39.7161652872768 0.558568000008744
-0.994354723111911 1.29585892760012 39.924410134203 0.612220355063086
-1.11400072584425 0.94702626556761 40.1361449554244 0.683928558011242
-1.14439563844496 0.608138373871562 40.3522491182222 0.771637635610797
-1.10569501390888 0.30307442382904 40.5731723236115 0.872235287153802
-1.01802260955387 0.0424450031811879 40.7990350547648 0.981443776436904
-0.897888883897902 -0.171759975356116 41.0297142215427 1.09388900282399
-0.757361478661133 -0.342040189005739 41.2649054549457 1.2033459969512
-0.604587517110614 -0.472585905119289 41.5041661755496 1.30314481602567
-0.444730780167946 -0.567671602166496 41.7469457200286 1.38670180387066
-0.280881087207175 -0.630845267593918 41.9926076766959 1.44812009980978
-0.11479741093501 -0.664564140061989 42.2404479607559 1.48278553638863
0.0525113261552436 -0.670044724322592 42.489710849347 1.48787553784294
0.220310009805071 -0.647195496145514 42.7396042946184 1.46270362568291
0.387690398436373 -0.594572303299403 42.9893152622181 1.4088419296272
0.553070385610654 -0.509351988598349 43.238025517122 1.32999621510885
0.713549637136256 -0.387379801115704 43.4849281482191 1.23164646849211
0.864034052482762 -0.223435252738092 43.7292451793139 1.12050310740557
0.996085884882168 -0.0120036685108982 43.9702468966842 1.00385660689415
1.096621548992 0.250963103173742 44.2072741360198 0.888911258701389
1.14700149768699 0.564668993202797 44.4397659158772 0.782190227543113
1.12384272925414 0.918139175684987 44.6672968067801 0.689081527372147
1.00371454640296 1.28406926894616 44.8896316000391 0.613568898338926
0.773278583111702 1.61611001716975 45.1068084658994 0.558165451342049
0.442151649830315 1.85629120422734 45.3192597799125 0.524047758809898
0.0491626200249132 1.95491072567951 45.5279505079897 0.511370631442568
-0.347016641461632 1.89264550778498 45.7344294208873 0.519697765589536
-0.689142099478496 1.68833225825844 45.940630936277 0.548376943865404
-0.939953760510335 1.38768706035949 46.1484577532067 0.596636149154112
-1.08802708848314 1.04339330701888 46.359429442776 0.663362134955699
-1.14212553925175 0.699184314467477 46.57456386059 0.746745099290433
-1.12113741033993 0.383349393106535 46.794423200734 0.843977770927843
-1.04565863683782 0.109858527050011 47.0192122584348 0.951100360635611
-0.933378368264201 -0.117264883067064 47.248869866068 1.06302029970395
-0.797608554617828 -0.299537371156097 47.4831376105158 1.17371050222464
-0.647531310476574 -0.440834068911564 47.7216077672934 1.27657456270564
-0.489074589256137 -0.545481221326401 47.96375659761 1.36494928522552
-0.325849821974909 -0.617256902575095 48.2089685704838 1.43269388345042
-0.159945149691123 -0.658925509291015 48.4565554744263 1.47479587855459
0.00745111765657542 -0.67204138294553 48.7057729662909 1.48791215398743
0.175549285037313 -0.656864888802916 48.9558360947647 1.47076472235178
0.343507231779638 -0.612313379203398 49.2059346817956 1.42432673024719
0.509948159985806 -0.535928085108236 49.4552490578938 1.35176361043583
0.672358692055962 -0.423895275376668 49.7029664659492 1.25813197749135
0.826277307705346 -0.271239626768541 49.9482984533558 1.14987724165457
0.964212238461218 -0.0724350094413881 50.190499789959 1.03420188720551
1.0743527311449 0.17713675125694 50.4288899645067 0.918393602504567
1.13948094493732 0.478272171407406 50.6628792972107 0.809203167931607
1.13718668670451 0.823095403768062 50.8920034534945 0.712347638801218
1.04338011592838 1.18888942063968 51.1159730013659 0.632190052677014
0.841062275113369 1.53396963958751 51.3347483478629 0.571620051345964
0.533092148329974 1.80201414831336 51.5486508798265 0.532137600499753
0.151127979026155 1.93917220929993 51.7585017217923 0.514124987934176
-0.249525590846914 1.91709895581445 51.965709069531 0.517258425425539
-0.609305470324933 1.74541462769677 52.1721420081131 0.540917980989178
-0.884903135445698 1.4646942732544 52.3797482155263 0.584367522272634
-1.05857161342692 1.12748948844406 52.5901613343382 0.646601916515341
-1.13482912906644 0.780635508088246 52.8045242425357 0.726005864210083
-1.13085632634232 0.456366640782923 53.023504862652 0.820028521660346
-1.06733939933446 0.171903517237324 53.2473884571692 0.924988955968536
-0.962898575531935 -0.0666404183330756 53.4761730694254 1.03605271739909
-0.831954196874769 -0.259697163795233 53.709644001198 1.14738789991935
-0.684657009377611 -0.410730720570674 53.9474264281088 1.25249284230624
-0.527670620760261 -0.524040711485299 54.1890218569578 1.34467043927935
-0.365119428920122 -0.603572283433387 54.4338342777961 1.4176032787985
-0.199423719587535 -0.652343693225071 54.6811903660726 1.46596348822341
-0.0319634542678071 -0.672198312144864 54.93035659605 1.48597722460616
0.136394027380346 -0.663700403468887 55.1805550187587 1.47586154702896
0.304834182711624 -0.626080197700605 55.4309787246351 1.43606393901623
0.472123556365273 -0.557196284966398 55.6808075650679 1.36926144106318
0.636039074458 -0.453539674922138 55.929224479425 1.28011286428377
0.792607488593487 -0.310376810014485 56.1754327354394 1.17479666289072
0.935083265784338 -0.122243819051528 56.4186745561892 1.06040051233292
1.05268960424023 0.115822231009212 56.6582520462231 0.944249515642357
1.12943071086572 0.405739002203368 56.893552192113 0.833264514152149
1.14389602918823 0.741965237647025 57.1240792621459 0.73343068189437
1.07187064368463 1.1054798193964 57.3495005157725 0.649433859234208
0.893888769381447 1.45879001022006 57.5697147299769 0.584495023193386
0.607512684094773 1.74788128898685 57.7849549120036 0.540409447998559
0.237990013979585 1.91660489670618 57.995923747254 0.517779430746326
-0.163319217738737 1.92957475498952 58.2039028428241 0.516402468313991
-0.535976139330207 1.78812223041123 58.4106845852974 0.535698367070829
-0.831970408617992 1.5273745450926 58.6182338935499 0.57495503560311
-1.0279313145826 1.19880957799354 58.8282731843013 0.633242864786732
-1.12420181691546 0.851445995902082 59.0420539336481 0.709096815853129
-1.13599903045831 0.520883548374372 59.2603400535788 0.800175810086408
-1.08378759607412 0.227343104025743 59.4834911886661 0.903036073585932
-0.986873827954228 -0.0210235166924704 59.7115603419017 1.01307090823756
-0.860626712008458 -0.223528452941601 59.9443732455442 1.12463009406149
-0.716071099692835 -0.383163308864157 60.1815852885422 1.23131427384931
-0.560553636327972 -0.50413868450448 60.4227209939009 1.32642305177574
-0.398684596304472 -0.590510105950786 60.6672020614741 1.40351521014684
-0.233205554021008 -0.645498470021683 60.9143686650521 1.45701849450689
-0.0656893753309171 -0.671188079093769 61.1634971528721 1.48281065676629
0.102906010562111 -0.668399685333724 61.4138161088952 1.47868854768465
0.271766314444559 -0.636628277117642 61.6645219270435 1.4446516036208
0.439753900854345 -0.57400196394538 61.9147945507338 1.38295027429891
0.604859160991626 -0.477274870664179 62.163813760752 1.29788514330776
0.76347932108636 -0.341935402952002 62.4107763183581 1.19538188973114
0.909446424351135 -0.162616831846332 62.6549143936149 1.08240257213359
1.00291439134356 -2.45635067195846E-15 62.8318530717959 0.997094077651375
