1 0 0 1
0.999999500000042 0.000999999833333342 0.001 1
0.999995500003375 0.00299999550000203 0.003 1
0.999975500100042 0.00699994283347339 0.007 1
0.999887502109359 0.0149994375063281 0.015 1
0.999519538478809 0.0309950350719041 0.031 1
0.998016156286543 0.062958333769523 0.063 1
0.991946333534119 0.126658878047373 0.127 1
0.967663295688576 0.252245408634378 0.255 1
0.872255894108014 0.489049747156493 0.511 1
0.520807275875271 0.853674282964749 1.023 1
0.128560509049848 0.991701666587711 1.44187902047864 1
-0.285915537725853 0.958254822730852 1.86075804095728 1
-0.650954190567637 0.75911701455206 2.27963706143592 1
-0.903436950127109 0.428720978195641 2.69851608191456 1
-0.999707253542574 0.0241951899013806 3.1173951023932 1
-0.923119090765247 -0.384514166533228 3.53627412287184 1
-0.686915250920945 -0.726737530372703 3.95515314335047 1
-0.331937523763266 -0.943301373007541 4.37403216382911 1
0.0804352168108154 -0.996759838625432 4.79291118430775 1
0.478899977667302 -0.87786947286613 5.21179020478639 1
0.794558581715399 -0.607187500054484 5.63066922526503 1
0.972830788646798 -0.23151729235815 6.04954824574367 1
0.982891714330904 0.18418435845548 6.46842726622231 1
0.823001733316295 0.56803886042979 6.88730628670095 1
0.520807275875273 0.853674282964748 7.30618530717959 1
0.12856050904985 0.991701666587711 7.72506432765822 1
-0.285915537725851 0.958254822730852 8.14394334813686 1
-0.650954190567637 0.75911701455206 8.5628223686155 1
-0.903436950127109 0.428720978195641 8.98170138909414 1
-0.999707253542574 0.0241951899013804 9.40058040957278 1
-0.923119090765247 -0.384514166533229 9.81945943005142 1
-0.686915250920944 -0.726737530372704 10.2383384505301 1
-0.331937523763265 -0.943301373007541 10.6572174710087 1
0.0804352168108178 -0.996759838625432 11.0760964914873 1
0.478899977667305 -0.877869472866129 11.494975511966 1
0.794558581715402 -0.60718750005448 11.9138545324446 1
0.972830788646799 -0.231517292358145 12.3327335529233 1
1 -4.89842541528951E-16 12.5663706143592 1
