Harmonic Oscillator
0 1 0
0.125 0.9921875 -0.124674479166667
0.317247022541952 0.950031754915739 -0.311940699576177
0.543171752966091 0.855910415368206 -0.516789426580209
0.783194907832098 0.708405037667503 -0.705368748825313
1.02873130317057 0.515597387030839 -0.856297545023878
1.27637146239551 0.289901442623671 -0.956418626364001
1.52480962402575 0.0457882626482006 -0.998184511526367
1.77355241294345 -0.201359045423666 -0.978576238617984
2.02241434878234 -0.436140380610049 -0.898680160063441
2.27132583401113 -0.644011358787794 -0.763401090360069
2.52026077283753 -0.812131596795828 -0.581086481681108
2.76920938387866 -0.930131940476755 -0.362989266705072
3.01816800189573 -0.990742753979358 -0.12256787049039
3.26713525423119 -0.990237449523769 0.125345080076896
3.51611062753701 -0.928660249656665 0.365457661021922
3.76509393054723 -0.809822471432557 0.582961705787452
4.01408509271644 -0.641066864311914 0.764446037632634
4.26308408874702 -0.432814262940837 0.898723553253437
4.51209091030113 -0.197920416816253 0.977521110525165
4.76110555539807 0.0491173630306293 0.9959896376191
5.01012802444029 0.293054807612677 0.953002976466882
5.25915831872391 0.518841351685821 0.851227010945663
5.50819643988044 0.712548812002401 0.696954805559774
5.75724238966757 0.862230774077701 0.499717920366306
6.00629616989068 0.958659650197587 0.271697882082036
6.25535778237349 0.995895916224405 0.0269741273915652
6.50442722894703 0.971654388587586 -0.219345169087393
6.75350451144551 0.887444927181558 -0.452055736547188
7.00258963170476 0.748478872103386 -0.656795750972093
7.2516825915617 0.563346983106244 -0.820932341271605
7.50078339285404 0.343488757682038 -0.934341327666713
7.74989203742029 0.102485885776067 -0.990032048192416
7.99900852709965 -0.14477653937465 -0.984578689559509
8.24813286373206 -0.383029265009803 -0.918331482934716
8.49726504915814 -0.597561814965564 -0.795394716392178
8.74640508521926 -0.77513088750149 -0.62337291489272
8.99555297375746 -0.904778111849164 -0.412900856560406
9.24470871661552 -0.97850665357744 -0.176986446413975
9.49387231563691 -0.991774872660016 0.0697929693721751
9.74304377266581 -0.943776535056382 0.312191208735619
9.99222308954713 -0.837490261377606 0.535235146794534
10 -0.833302501681461 0.541731982309332


Pendulum
0 3.04159265358979 0
0.125 3.03773353307325 -0.062239373084604
0.306936920622223 3.01790383737396 -0.159218431329823
0.517418113226092 2.97060647954777 -0.299138477530717
0.71910564344723 2.8927467223807 -0.48630311140479
0.898099317651237 2.78594834254046 -0.72250607000316
1.05688300209936 2.6495823184888 -1.0115831134028
1.20243240624206 2.47803402576983 -1.36282322150087
1.34483101049603 2.25404898266606 -1.80138069954628
1.48645872136653 1.96248211355385 -2.33220980751296
1.64307778400843 1.54612537045244 -2.99122407054378
1.76045472308538 1.16648130589374 -3.46682008801098
1.86527505871185 0.784353745213057 -3.80323556750096
1.96685201449884 0.387392530847348 -3.98323614469828
2.06821422555463 -0.0175957839848709 -3.97395380970528
2.17415707789987 -0.428691321130837 -3.75315854209667
2.26751580135561 -0.763826751021438 -3.40718610053307
2.35800611640029 -1.05322849325693 -2.97827472682215
2.44717052670337 -1.29793608793388 -2.50604029950842
2.54097917691625 -1.50890254987873 -1.99135863986182
2.65000781116699 -1.69367749691389 -1.40115969884599
2.80007833541829 -1.84556409270206 -0.629788765458081
2.9322236694998 -1.88622527150418 0.0111428991913073
3.05938274729141 -1.84680272034491 0.608259250815175
3.18858678147643 -1.72946928776682 1.20845392427816
3.3390784869213 -1.49539060866972 1.89966811411925
3.4706903602513 -1.20722805189746 2.4684818448882
3.5831664405776 -0.905394230674183 2.88166984235317
3.69078132896722 -0.578868565427496 3.16281147397973
3.79404559809829 -0.244531839070761 3.28500003629312
3.89911297791105 0.0996127073472119 3.23609584023483
4.00125969038153 0.420589161404144 3.02377744372885
4.0950695348362 0.690203905252427 2.70862320439984
4.18668183771764 0.92100363814024 2.32023966381709
4.27651682926849 1.11038684568846 1.89093496741425
4.36824754660405 1.26267568386083 1.42744955239033
4.46674983398558 1.37833459394232 0.921136589877092
4.57884754411942 1.44943254251778 0.349433539708603
4.71497281714424 1.45065599428971 -0.327102989325797
4.87838159016119 1.33306736028098 -1.10259810449133
5.00318286220686 1.16061633585753 -1.65135721167799
5.11519554182007 0.950564561044924 -2.08633282400074
5.22377947641911 0.704693787924887 -2.42457849205497
5.32773570259968 0.440357679711158 -2.63984119350599
5.43113969707858 0.161853221568246 -2.72308291168019
5.53861136370668 -0.128713004014676 -2.65857861201804
5.64191470955433 -0.394049149986028 -2.45797426315099
5.73691425856306 -0.614632339559698 -2.17265092576222
5.82977968237546 -0.80059549469896 -1.82372210300746
5.92006523984569 -0.948144926227714 -1.43995878504931
6.00997806628747 -1.05939114110449 -1.03237859896015
6.1019722813448 -1.13465746887246 -0.603657688186107
6.19805119607564 -1.17103259122401 -0.154849955083561
6.29926060356103 -1.16306641582085 0.309278302569962
6.40481740277015 -1.10562227618369 0.774042882156692
6.51187876369235 -0.998838918170535 1.21304746511001
6.61737485982378 -0.850024208978223 1.59752799603461
6.72013262791747 -0.669290243728751 1.9065644644755
6.82123636406386 -0.464558411085459 2.12701565582012
6.92338001022804 -0.240192434069064 2.2470721559053
7.02994732777403 0.00057634532403919 2.25010047543842
7.14153641705203 0.245576949688194 2.11946582608137
7.24264491740934 0.449282650132564 1.89559732930352
7.33602709787139 0.613720285591021 1.61712604945972
7.42766481488083 0.74740243653981 1.29466987596731
7.51704319993296 0.847811160062329 0.949028753057354
7.60533288270894 0.915826225335013 0.59058189308363
7.69376112601608 0.951884277904176 0.225428962641813
7.78324541769807 0.95557137520884 -0.141103074344708
7.87438181740324 0.926080237901105 -0.502652095300638
7.96733863181989 0.862966916568288 -0.85006095163714
8.06184129499346 0.767143302429492 -1.17062559479178
8.15758018876236 0.641254154386677 -1.44960822526726
8.25478326429005 0.488941963325619 -1.67217130894511
8.35459063669016 0.31376079389548 -1.82350011894105
8.45908406286904 0.11900468453992 -1.88685568561712
8.57010604982401 -0.0890761745217901 -1.84258189857845
8.6842641055927 -0.291317570509179 -1.68311609189985
8.78448047794632 -0.449413203192088 -1.46138982033437
8.88179721047143 -0.578719653573281 -1.18892859202232
8.97448482028942 -0.675347030291108 -0.892042333842475
9.06357728284206 -0.741225597597656 -0.585038448042834
9.15047559214076 -0.778628833354816 -0.275680146376817
9.23640714803085 -0.789090555867235 0.0309495405812062
9.32252070694127 -0.773402622863283 0.33086583062874
9.40987007212548 -0.73171922595255 0.619597021181944
9.49920993133874 -0.664022373685544 0.890320302330542
9.59100543493397 -0.570801161314503 1.13327764587105
9.68574156750429 -0.453359836371498 1.33646591605246
9.78431948593181 -0.313644586848568 1.48625238225985
9.88831771616017 -0.154139341287861 1.56693593287035
9.99950462052722 0.0206021774353845 1.55999808048615
10 0.0213749078148476 1.55975291521827


Planetary Orbit 1
0 1 0
0.125 1 0
0.375 1 0
0.875 1 0
1.875 1 0
3.875 1 0
7.875 1 0
15.875 1 0
31.875 1 0
62.8318530717959 1 0


Planetary Orbit 2
0 1 -0.5
0.125 0.937662760416667 -0.49609375
0.308061594611657 0.848398785323547 -0.476433497378666
0.516993329486343 0.752889801476124 -0.434590886755955
0.733601561166373 0.665287064788243 -0.371288037659471
0.949939787190428 0.593422480369407 -0.290753115594755
1.16301194100895 0.541169108077048 -0.19817820871999
1.37212870611984 0.510061063333405 -0.0985951351563065
1.57788872921782 0.500288592905489 0.00359049788598526
1.78175873262928 0.511400264256725 0.104686335447743
1.98565902611902 0.542754778111353 0.201445452444539
2.19145487909649 0.593601398218513 0.290614607111385
2.40060005640614 0.662827217501222 0.368635278266561
2.61404191607679 0.748592352693258 0.431658589582367
2.83228331116446 0.848037485495849 0.475810795021875
3.05548513241929 0.957142823317248 0.497595253730695
3.28355628577139 1.07076071962115 0.494343430872008
3.51621942274225 1.1828233261895 0.464648620392373
3.75305608964346 1.2867129550854 0.408722696909238
3.99353787053842 1.37576541923968 0.328619507075122
4.23704903592209 1.44385606975137 0.228277563607813
4.48290449708989 1.48599954135202 0.113353352851966
4.73036545976434 1.4988832236526 -0.00915581454256528
4.97865419947228 1.48125589354113 -0.131468007248203
5.22696876259352 1.43410881091308 -0.245689594143519
5.47449803391303 1.36061539437676 -0.344520135943867
5.72043744214656 1.26583236665252 -0.421896234936355
5.96400557945038 1.15620262758553 -0.473489736474314
6.20446221368296 1.03893026776006 -0.496999301001201
6.44112865406732 0.92131498153178 -0.492208064524731
6.6734123596724 0.810133965230047 -0.460816456973437
6.90083935425709 0.711145534598858 -0.406090620951741
7.12310084136095 0.628765088190941 -0.332387517208327
7.34012441745552 0.565937858089422 -0.24462562909748
7.55218236890275 0.524211415630665 -0.147768932904978
7.76003462017066 0.503996106954799 -0.0463952835546208
7.96503745065143 0.504974131735912 0.0555496075088113
8.1690498186069 0.526530072108354 0.154684429414164
8.37405807847443 0.567969115270222 0.247819190981821
8.58175589111142 0.628389109474568 0.331560653409162
8.79334132237393 0.706337282285227 0.402179714049435
9.00952445170026 0.7994667092584 0.455772179421554
9.23062181137613 0.904317165990743 0.488608335510403
9.45665610945298 1.01626325471175 0.49756990593839
9.68743401353174 1.12963905565403 0.48060012228906
9.9226006743806 1.2380337027337 0.437104941645015
10.1616770322699 1.33473694683768 0.368246919097493
10.4040861433996 1.41329417120305 0.277078830691929
10.6491731531113 1.4681099402441 0.1684781343659
10.896221942791 1.49502376808807 0.0488671407435991
11.1444702988429 1.49177687766168 -0.0742652527829623
11.3931246746745 1.45829775460446 -0.192991751769206
11.6413751392258 1.39675751330822 -0.299648903955134
11.8884108477116 1.31138005061016 -0.387521990789252
12.1334362921896 1.20803018802671 -0.451421669643424
12.3756886942679 1.09363758542278 -0.488078441918701
12.6144572419385 0.975537956981962 -0.496310936797957
12.8491055698495 0.860821561573832 -0.476960233174325
13.079100169796 0.755771508127765 -0.432617148921509
13.304049666062 0.6654545008579 -0.367195706924894
13.5237634174164 0.593500611135337 -0.285419825489104
13.7383416256491 0.542084117385516 -0.192292376073451
13.9483049998441 0.512099932783429 -0.0926146676590086
14.1547335125977 0.50351278236217 0.00935979879622519
14.3592866860987 0.515801016566524 0.110013786508906
14.5639468679126 0.548299807079992 0.206114243844908
14.7705787669644 0.600229573817625 0.294385521038223
14.9806134779582 0.670423994432847 0.371240488503481
15.194973876956 0.756965875586038 0.432818160922838
15.4141427659235 0.856903787768221 0.475262034478033
15.6382655941887 0.966123051119922 0.495128214272428
15.8672390964325 1.07939170314118 0.489837851701213
16.1007757837888 1.1905819852588 0.458107783571118
16.3384482907628 1.29305372265193 0.400299287919893
16.5797200993862 1.38016799204721 0.318628544774305
16.8239680332262 1.44587870934274 0.217192323247577
17.0705002233023 1.48533138038664 0.101782088068796
17.3185718737779 1.49538812387284 -0.0205118178268451
17.5674002093999 1.47500075930851 -0.141871400311607
17.8161793858429 1.42537102516702 -0.254432463161453
18.0640957948474 1.3498670050626 -0.350989616360701
18.3103440404112 1.25370227446417 -0.425631358266129
18.5541438845057 1.14342156681076 -0.474221781452568
18.7947586903197 1.0262660796616 -0.494670494654246
19.031516416686 0.909507006672137 -0.48696690997004
19.2638352188636 0.799835139198139 -0.452991501825827
19.4912574990731 0.702879182512439 -0.396147396125345
19.7134992161423 0.622901048831311 -0.320875195904647
19.9305252171359 0.562690185957579 -0.232120712014198
20.1426622829633 0.523658044841225 -0.13482393259352
20.3507420573048 0.506118490235951 -0.033503306058273
20.5561921995443 0.50970696492502 0.0679579801187765
20.7609054569473 0.533795177575942 0.166202449957552
20.9668442515724 0.57766683042863 0.258009079903339
21.175642091598 0.640353264174144 0.339926441991413
21.3884321537841 0.720282696864614 0.408182289033255
21.6058705280455 0.814950252621541 0.458874982268447
21.8282328912193 0.920720806011797 0.488339445166826
22.0555114461324 1.03280196073049 0.493590061010478
22.2874893964226 1.14539440865854 0.472768006331741
22.5237930026352 1.2520121259994 0.425530991436028
22.7639273601838 1.34594858848863 0.353326815122876
23.0073019034639 1.4208449824241 0.259498917528801
23.2532500205969 1.47129624586414 0.149187801453484
23.5010456276064 1.49341658232862 0.0290175510804303
23.7499184340168 1.48528317504303 -0.0934114215361202
23.9990688997906 1.44718825513522 -0.210169730322285
24.2476834386768 1.38165510076877 -0.313706723345637
24.4949501917967 1.29320894129396 -0.397525543587532
24.7400756448571 1.18793220549402 -0.456735795545819
24.9823025033672 1.07286705943871 -0.488413638557552
25.220929635406 0.955349786572793 -0.491730828400231
25.4553356798563 0.84236734701456 -0.467851026860839
25.6850093544002 0.740016534972381 -0.419625680243299
25.9095919598102 0.653124552356472 -0.351146334002805
26.1289412534983 0.585063308691115 -0.267222044585279
26.3432288964659 0.537765946210717 -0.172851418933402
26.5530753787772 0.511937259965686 -0.0727593201377307
26.759676891959 0.507428293964282 0.0289106768800293
26.9647790521822 0.523676844034985 0.128621787593639
27.1703682918642 0.560000180372526 0.22314063357016
27.378236992618 0.615556160238006 0.309123267308893
27.589715966524 0.689038757188765 0.382906526225402
27.8056362251097 0.778322358259559 0.440601791520041
28.0264086246604 0.88020722127221 0.478406968989397
28.2521249981705 0.990326173077048 0.493029651595221
28.4826418504408 1.1032283032382 0.482140572730864
28.7176404562809 1.21263746649235 0.44479239347963
28.9566682127732 1.31186835377223 0.381743679758387
29.1991675902576 1.39436379806472 0.2956326268192
29.4444977072004 1.45429608968883 0.190957215797367
29.6919519203559 1.48715792073679 0.0738405242984615
29.9407735426091 1.49026094384098 -0.04840992888501
30.1901709332504 1.46306590742811 -0.167906691939642
30.4393326611551 1.40728893069752 -0.276879227370857
30.6874431348691 1.32676099789083 -0.368372919327218
30.9336989768119 1.22705614944763 -0.436857022612302
31.1773264860568 1.11494022586666 -0.47866224277416
31.4176008275719 0.997718744014963 -0.492196691725447
31.6538682130944 0.882574319962181 -0.477924949767165
31.8855735079663 0.775979584166552 -0.438130993000988
32.112297747255 0.683253460794807 -0.376514459196396
32.3338133034577 0.608302983572107 -0.297686369604948
32.550168172049 0.553567112266318 -0.206634697093438
32.7618086774374 0.52015955914228 -0.10822899959248
32.9697192464583 0.508190705354242 -0.00684464934371613
33.1754702684926 0.517202348308992 0.0937765385373461
33.3810097039084 0.546539655637784 0.190330918027461
33.5882384799231 0.595436047879329 0.279541615822579
33.7986629974276 0.66278110099287 0.357854712578244
34.0132846736537 0.746761420460655 0.421431738527456
34.23265116398 0.84456109339188 0.466398257283817
34.4569563128773 0.952209657192607 0.48923873773799
34.686131494741 1.06460457908973 0.487247507825118
34.9199136781242 1.17571130613757 0.458966646144098
35.1578926799285 1.27892914348934 0.404549182665729
35.3995439100115 1.36759342073956 0.325989731965776
35.6442521756618 1.43556350643376 0.227173867331852
35.8913304767514 1.47782706895384 0.11371633121031
36.1400363029527 1.49103952379653 -0.00741386669860725
36.3895869421244 1.47391872043181 -0.128450376801703
36.6391746629705 1.42743078405397 -0.241505756701691
36.8879822533774 1.35473218584589 -0.339281297425939
37.1351992169509 1.2608705123369 -0.41571604200504
37.3800389342311 1.15228450892655 -0.466489001338049
37.6217573071798 1.0361747667426 -0.489312554570625
37.8596739091941 0.919833633179586 -0.483989337611795
38.0931976286967 0.810023765524196 -0.452241965690572
38.3218605165239 0.712480598255102 -0.397356887932643
38.5453663934788 0.63158992549013 -0.323704690349403
38.7636645656719 0.570265146301217 -0.236207267381251
38.9770600060317 0.530026700508768 -0.13982164414012
39.1863534218853 0.511269887259402 -0.0391150780100193
39.3929354861216 0.513675447237873 0.0619643201970401
39.598671223186 0.53662616593317 0.160001436055798
39.8055202480827 0.579399372219355 0.251743406128739
40.0151355807518 0.641022514235237 0.333731485677919
40.2286784090577 0.719931635350099 0.40219678477841
40.4468309470403 0.81364025148974 0.453239418906688
40.6698891741181 0.918536833626777 0.483188325192464
40.8978595445153 1.02985218113885 0.489042887488556
41.1305345090565 1.14180545173009 0.468921890654625
41.3675457640831 1.24792177032819 0.422456379988226
41.608401012648 1.34149769852989 0.351066849019816
41.8525102032467 1.41617041868242 0.258072129931834
42.0992056856736 1.46652609662415 0.148593171948491
42.3477591986374 1.48866844556258 0.0292404594331848
42.5973974739746 1.48066543641237 -0.0923939523417442
42.8473174948609 1.4428035306872 -0.208385872397945
43.0967019890657 1.37760444131636 -0.311189536605511
43.3447355006074 1.28959519357794 -0.39431548298901
43.5906213315894 1.18486116025343 -0.452885181032428
43.8335997917478 1.07044563046822 -0.483991647897889
44.0729686006211 0.953681291261354 -0.486827367062899
44.3081070974303 0.841544779573688 -0.462578049165677
44.5385073814704 0.740115344428817 -0.414115108858093
44.7638179926658 0.654196753786488 -0.345544509024721
44.9839093510361 0.587134774258095 -0.261681529570706
45.1989727380138 0.540838464848427 -0.167522127909725
45.4096547464371 0.515996044889148 -0.0677828020783436
45.617177320959 0.512452511719893 0.0333975679282711
45.8232973755169 0.52964451966057 0.132469842610718
46.0299900914673 0.566877348028693 0.226166983931075
46.2390227788313 0.623271927975585 0.311103301478979
46.4517005104603 0.697457928201295 0.383585081255372
46.6688338100711 0.787224508395107 0.439718426600255
46.8908183202143 0.88927600769382 0.475729343834375
47.1177341511351 0.999150750535782 0.488390911722623
47.349427958309 1.1113182775743 0.475477011685075
47.585572026035 1.21945203515024 0.436176918711221
47.8257051191009 1.31685869294854 0.371409850232137
48.06926127543 1.39702554932241 0.283984000228337
48.3155914311426 1.45422645649318 0.178557820661766
48.5639811844554 1.48411001102886 0.0613845118646222
48.8136667609157 1.48418717727068 -0.0601482667587812
49.0638503971238 1.45414296068708 -0.178137894952651
49.3137158308993 1.39591891680223 -0.284870949598278
49.5624442925452 1.31354706344596 -0.373519974668961
49.8092312909174 1.21275476714839 -0.438739466589155
50.0533045787762 1.10039629704669 -0.477083407468182
50.2939440134111 0.983792383904405 -0.487196233814068
50.5305047190082 0.870069326772249 -0.46976592227947
50.7624462283021 0.765582976164181 -0.427263845725308
50.9893724725289 0.675493454787132 -0.363523937816201
51.2110908396149 0.603530104244229 -0.283229124700516
51.4277017838702 0.551960583768889 -0.191376392005659
51.6397255870346 0.521758848289523 -0.0927915307727866
51.8482348088594 0.512947182546869 0.00822071037255263
52.0548697079379 0.525031865895666 0.107971113792555
52.2615885057274 0.557340887880011 0.203149725676817
52.4702408962398 0.609056763797338 0.290419287605532
52.6822562313984 0.678955361709434 0.366157041490562
52.8985633477333 0.765050746865708 0.426493727796899
53.1196523389408 0.864317835257994 0.467591662449421
53.3456737191521 0.972569417465241 0.486054009301018
53.5765258615785 1.0845103194968 0.479378604756469
53.811919514245 1.19396952923657 0.446387900763693
54.0514226538861 1.29429551345177 0.387572928979001
54.2944918522868 1.37888101067979 0.305293744031038
54.5404954202984 1.44176233245891 0.203789921275235
54.7887320007969 1.47821988725669 0.0889756902735807
55.0384469425005 1.48529721996824 -0.031976004987399
55.2888478502292 1.46215985441432 -0.15122252722284
55.5391201087527 1.41023417834707 -0.260944837636351
55.7884428320629 1.33309828507016 -0.354055478006823
56.0360055450386 1.23613531846012 -0.424826322070612
56.2810259493298 1.12599752787019 -0.469353152256446
56.5227693966756 1.00995796581308 -0.485801083818009
56.7605712911032 0.895240800225526 -0.474410825705072
56.9938647615042 0.788418603902944 -0.43728277510745
57.2222179024245 0.694948006156077 -0.377986310552947
57.4453879740412 0.618889530312071 -0.301060160382464
57.6634034798173 0.562830935573517 -0.211475565258361
57.8766831637019 0.528012461840128 -0.114133343033115
58.0861729621277 0.514634391554699 -0.0134755580696056
58.2934002511652 0.522283438568753 0.0866749051335902
58.5002855445082 0.550310782520706 0.182947496537113
58.7087325828357 0.597939021280529 0.272030522098039
58.9202735195525 0.664051450216906 0.350361911295777
59.1359423672949 0.746840825050897 0.4141056737553
59.3563157836629 0.843507326199411 0.459388255651536
59.5816095212067 0.950100653593986 0.482688171946306
59.8117698855289 1.06153715795427 0.4812867126084
60.0465430754735 1.17179645650542 0.453708267328597
60.2855237898142 1.27428609992943 0.40008698090893
60.5281890794042 1.36234460311525 0.322400659636446
60.7739229932721 1.4298319278574 0.224522314331436
61.0220360143074 1.47173704195835 0.112058809785152
61.2717818674553 1.48472050909531 -0.00802554268663225
61.522373266104 1.46751115921335 -0.127969074407234
61.7729975002336 1.42109198939939 -0.239893051802165
62.022832377046 1.34864007539218 -0.336515336656925
62.2710628412459 1.25522326654361 -0.41180188836102
62.5168986087879 1.14729509523044 -0.461469244885822
62.7595933717462 1.03206047361044 -0.483275623079096
62.8318530717959 0.99708581083513 -0.484328584013782


Planetary Orbit 3
0 1 -0.5
0.125 0.937775141398112 -0.494338239281893
0.309406717870699 0.848400620539568 -0.472331361571871
0.520343588711567 0.753101968914507 -0.428073090954881
0.739110600682102 0.666296057281002 -0.362613584558743
0.957575805714361 0.595817793481702 -0.28034959911736
1.17272699315572 0.545435537902151 -0.186535451519945
1.38393635100282 0.516564175850848 -0.0862000669259496
1.59190242302564 0.509305550519736 0.0162865055098566
1.7981906902092 0.523165303605309 0.1172599998156
2.00477595897041 0.557482580079612 0.213457716943014
2.21352589579037 0.611467023140069 0.301569457570348
2.42586733477046 0.683916255381851 0.377975926238567
2.64271020668238 0.772845110988157 0.438804330807484
2.86451833845617 0.875204750124665 0.480224315009143
3.09142236036689 0.986768222022163 0.49886598260678
3.32332817292309 1.10220132048392 0.492263697981516
3.56000516319724 1.21530594124673 0.459251472181011
3.80114508302842 1.31940083328682 0.400258015087782
4.04638316337146 1.40779566777416 0.317475515188722
4.29527803223769 1.47432240910534 0.214894904441853
4.54725869854768 1.5139010407444 0.0981981710710186
4.80156281839459 1.52311085052459 -0.0255224959009609
5.05720387474376 1.50069787914855 -0.148261382740208
5.31300335896781 1.44789182617264 -0.261819070846268
5.56769666749414 1.36839110131128 -0.358657530064198
5.82007764355094 1.2679568941695 -0.432703421659443
6.06912041850902 1.15370590291874 -0.479902205978722
6.31403355853556 1.03329587762447 -0.498428357272343
6.55424556998448 0.914185611033975 -0.488588961168393
6.78935665316958 0.803061394284051 -0.452524341207116
7.01910088005258 0.705442549798454 -0.393797488343085
7.24335226204792 0.625452056205946 -0.316924358621128
7.46219172954772 0.565749172119216 -0.22687561648223
7.67603634435271 0.527635488203667 -0.128588938137448
7.88580343479033 0.511340909785316 -0.0265631925921204
8.0930071132062 0.516449782806732 0.0753438079952005
8.29961062672273 0.542312626288412 0.173785530100362
8.50761550955158 0.588201104635802 0.265526185023284
8.71866679933343 0.653119126901605 0.347085298227903
8.93389167606318 0.735437682233475 0.414670049924688
9.15392946052368 0.832562239672768 0.464388660596797
9.37903698205991 0.940745242180956 0.492631960428899
9.609202397222 1.05508122827385 0.496517151914289
9.84424333638324 1.16968329223621 0.47431098550401
10.0838791907195 1.27801365699672 0.425770557926255
10.3277686512442 1.3733256691656 0.352365062881157
10.5755062101728 1.44917609209455 0.257365497963218
10.8265804502211 1.4999801463619 0.145796618856029
11.0803117881178 1.52158647322737 0.0242303179965836
11.3358030325264 1.51182281518388 -0.0996208056837742
11.591942344462 1.47090740094018 -0.217538872345845
11.8474815552573 1.40158066618929 -0.321620515805882
12.10117236312 1.30885297713286 -0.405127594669762
12.3519049250478 1.1993970633053 -0.463160257145806
12.5987920490015 1.08075029155219 -0.493006508701408
12.8411794468852 0.960527527482574 -0.494156822503438
13.0786055835199 0.845775907412362 -0.468071953598994
13.310754924499 0.742510336450181 -0.417807370612262
13.537443887863 0.655420110489856 -0.347562011120684
13.7586630555952 0.587737061136659 -0.262187024749954
13.9746831824232 0.541272262943837 -0.16668737216179
14.1862119769731 0.51663289935505 -0.0657729158960794
14.39453436365 0.513604020117191 0.036439480618724
14.6014762159477 0.531591545901776 0.136432917665535
14.8090755387404 0.569899723975629 0.230968910924293
15.0191443919804 0.627665902204062 0.316676646931742
15.2330116966153 0.703536655706875 0.389865524102053
15.4514934645894 0.795305177581468 0.446642802928513
15.6749797185668 0.899662017569374 0.483244833194483
15.9035491986361 1.01212019692448 0.496468135739204
16.1370749857382 1.12712595297669 0.484108873913727
16.3753077584678 1.23833671410039 0.445340395327325
16.6179275055629 1.33902753161527 0.380982052994691
16.8645556972454 1.42258204019098 0.293638462991264
17.1147265461112 1.48303487593954 0.187703405353101
17.3678291397644 1.51564348952289 0.0692151807207329
17.6230485556775 1.51745402835016 -0.0544718228772451
17.8793454093918 1.48777812726069 -0.175239279431906
18.1355062639669 1.42844359906597 -0.284970256716378
18.3902639221523 1.34368721254411 -0.376413030535178
18.64244309575 1.23966280971099 -0.443942374506406
18.8910695473353 1.12368786474837 -0.484036025867961
19.1354066918629 1.0034312833869 -0.495404383187443
19.3749292102867 0.886207057713093 -0.478834711418062
19.6092735688558 0.778443542215807 -0.436856807080678
19.8382086598817 0.685329794877042 -0.373313098035864
20.0616563244324 0.610625601869493 -0.292877810783333
20.2797748453058 0.556636451455428 -0.200555860398291
20.4931011962437 0.524365865668671 -0.101207453696792
20.7027095529497 0.513844114537106 0.000817695797327239
20.9102572797028 0.524568767739715 0.101803951261982
21.1177557999015 0.555867615680564 0.198452630034431
21.3271350849343 0.606957946207674 0.287465106225439
21.5399043869976 0.676690564468367 0.365256470561352
21.7570522619087 0.763179408791949 0.42797311755941
21.9791050041805 0.863503378474987 0.471763401613323
22.2062375219223 0.973568849916637 0.493185704147882
22.4383841511714 1.08815812528329 0.489654061499685
22.6753308046954 1.20115458287143 0.459843524078069
22.9167786499918 1.30591127222117 0.403999542085576
23.1623704199008 1.39571854601608 0.324121975125609
23.4116749295922 1.4643326988844 0.22401495426499
23.6641365993604 1.50654121609701 0.109194384175132
23.9190127534375 1.5187375012432 -0.0133747339424779
24.1753358325967 1.49944074317855 -0.135754061529197
24.4319383048735 1.44963860915688 -0.249734339047322
24.6875530179054 1.37280845537725 -0.347686973371276
24.9409577743618 1.2745455241947 -0.42338374566155
25.191102966294 1.16187408300212 -0.472581741827418
25.4371735091256 1.04243157141272 -0.493265551885643
25.678579820619 0.92371416023828 -0.485573720562558
25.9149108833451 0.81248534970843 -0.451511312913346
26.145894287308 0.714365652557876 -0.394544083784456
26.3713984621282 0.63358990978227 -0.319130126651599
26.591495491358 0.572927733097191 -0.230220979507899
26.8065863886504 0.533777646972651 -0.132770862282802
27.0175625984805 0.51644179030189 -0.0313239530331991
27.2259059546861 0.52054386011951 0.0702015408994019
27.4335552856002 0.545442332922268 0.168404705275704
27.6425093103887 0.590400185845979 0.260017955254088
27.8544293704426 0.654413230038977 0.341550857689456
28.0704661399395 0.735852892367076 0.409211148563298
28.2912806940263 0.832132866436085 0.459108285824134
28.5171464222287 0.93951754018902 0.487630461242685
28.748062637686 1.05311320962568 0.491887908742007
28.9838537829359 1.16704215879949 0.470137815063627
29.2242430417422 1.27477265106771 0.422127507832485
29.4688909920037 1.36956182935783 0.349318192943766
29.7173927607223 1.44496980995758 0.254975674546348
29.9692364374 1.49541682701689 0.144122173297644
30.2237405711753 1.51676012465635 0.0233284114656531
30.4800045062959 1.506840877388 -0.0996952513591328
30.7369116219206 1.46589540147634 -0.216737569935229
30.9932086410298 1.39668461951624 -0.319909530518016
31.2476431754587 1.30423760518654 -0.402496901393742
31.4991033110852 1.19523929213577 -0.459632550737888
31.7467020096868 1.07722923598922 -0.488642907170977
31.9897870245803 0.957813036968155 -0.489058360419365
32.2279005212331 0.844017481602423 -0.462376886376787
32.4607328041875 0.741827670755714 -0.411684684673282
32.6881097257604 0.655896451815956 -0.341201553700397
32.9100371934735 0.589416922215151 -0.255787077582567
33.1268094663568 0.544165258306126 -0.160441813483915
33.3391655387838 0.520724528279735 -0.0598626651658142
33.5484210381577 0.51887020965036 0.0418430668375362
33.7564150188439 0.53800609575776 0.14114815283053
33.9651718188325 0.57742253276207 0.234778744922327
34.1764731862201 0.636214299534449 0.319319028574058
34.3916162022053 0.712953673434621 0.391046143766007
34.6113907884808 0.805335505398145 0.446064350881733
34.8361677282551 0.909940653439585 0.480645467415341
35.0660126082374 1.02217613445468 0.491663257383097
35.3007904242134 1.13640151548363 0.47703072207858
35.5402473247218 1.24622109233106 0.436070491815369
35.7840597697553 1.34490153935337 0.369773038244982
36.0318431701546 1.4258710638434 0.280923492128251
36.2831195948117 1.48326790920991 0.174091352088811
36.5372580489035 1.51251577359569 0.0554679056926865
36.7934173680864 1.51088689829369 -0.0674858724626913
37.0505320360126 1.47796281038403 -0.186618547880422
37.3073714258566 1.41585156921616 -0.293874439476503
37.5626667223303 1.32903580980522 -0.38215927987605
37.8152567398008 1.22384115677087 -0.446079095099962
38.0641909292171 1.10766313049294 -0.482378741185297
38.3087580719225 0.98815772576956 -0.490033761252964
38.5484550839736 0.872551473316126 -0.470066982044149
38.7829380149657 0.767130890362358 -0.425197304336234
39.0119979505228 0.676908664143244 -0.359399476181916
39.2355898100792 0.605454248841799 -0.277416849344359
39.4539248779353 0.554892227292753 -0.184259188214954
39.6676183962287 0.526080367861381 -0.0847366837188804
39.8778382913883 0.518959734652922 0.0168777530624571
40.0863133403962 0.532994472429202 0.116922816003828
40.2950603194253 0.567495160539771 0.212089655227473
40.505949859997 0.621621986915781 0.299014042457808
40.7204059901722 0.694099609022701 0.374040379052699
40.9393375498145 0.782852953169025 0.433288511768277
41.1632082980268 0.884734812006112 0.472954770004848
41.3921488362793 0.995421769821642 0.489732806013689
41.6260651009516 1.10949751939579 0.481257439253299
41.8647266632012 1.22070945177819 0.446496173334953
42.1078246425432 1.32236158088741 0.386036555872368
42.3549904001934 1.40779884938921 0.30224440093772
42.6057721863265 1.47094703712086 0.199285828963123
42.8595796199236 1.50688495596742 0.0830020202512405
43.1156224657233 1.51241665942953 -0.0393958615802973
43.3728830680847 1.48656715108805 -0.159853225928536
43.6301577577233 1.43086860131807 -0.27021893209989
43.8861716153903 1.34929868087042 -0.363110421223874
44.139726119965 1.24782731940327 -0.432700600768339
44.389816646199 1.13367992788056 -0.475234192087709
44.635678490298 1.01451844123767 -0.489194897503751
44.8767661378997 0.897715075110573 -0.475174249853356
45.1127042670727 0.789799761714388 -0.435549111632133
45.3432551325626 0.696087845059209 -0.37405597002351
45.5683342900776 0.620474410879599 -0.295310814221026
45.7880891838047 0.565394779271859 -0.204306394138537
46.0030368587395 0.531962832180365 -0.105932161785728
46.2142200550186 0.520286895153065 -0.00459893587481469
46.4232594378623 0.529902267925019 0.0959027718126435
46.632142380365 0.560138942312933 0.192210819281516
46.8428000635353 0.610199485857871 0.280990603370352
47.0567620428741 0.678920997129795 0.358645153989725
47.2750428662329 0.764411575179069 0.42132044581403
47.4981917696898 0.86375078236562 0.465166952527704
47.7264005946492 0.972848470362491 0.486744285700638
47.9596148116937 1.08649050400251 0.483467210709325
48.1976270030335 1.19856319750649 0.454012971346253
48.4401419211217 1.30242310767169 0.398632588832759
48.6868036967125 1.39136718225084 0.319335770389721
48.9371805780084 1.45916454189407 0.219940195082628
49.1907141436125 1.50062484834878 0.105976702139581
49.446656259252 1.51217529371195 -0.0155776920977304
49.7040316312263 1.49238051339095 -0.136781778864384
49.9616642178634 1.44228150607054 -0.249439491274338
50.2182798974946 1.36540878729065 -0.345956362982621
50.4726529976277 1.26740032433983 -0.420159198744086
50.7237344596001 1.1553040674461 -0.467875494278292
50.9707129287946 1.03675794925047 -0.487166985086855
51.213004590897 0.919235756680856 -0.478247382382894
51.4502060043496 0.809458808219254 -0.443187701538024
51.6820555013374 0.712990234382379 -0.38550457157185
51.9084383870994 0.633998482046348 -0.309687109222703
52.1294536976745 0.575186250329718 -0.220695167594518
52.345542407094 0.537895444077652 -0.123470172276947
52.5576454537262 0.522392407451681 -0.0225328205541331
52.7672860809599 0.528287857950014 0.0782105992246411
52.9764111287204 0.554932643528743 0.175336511351198
53.1869891440951 0.601556652971858 0.265521769366126
53.4006335274099 0.667077454425511 0.345216049391574
53.6184489037448 0.749744330866574 0.410594348994187
53.8410597967829 0.846819389307715 0.457781573768814
54.0687131703339 0.95440640961998 0.483240233344308
54.30139083304 1.06746501969895 0.484215676457277
54.538906907261 1.18000737471119 0.459154783743577
54.7809785766747 1.2854474029804 0.408036277323761
55.0272602600759 1.37705814570736 0.33257757874431
55.2773352889643 1.44849625686623 0.236306482277843
55.5306697346219 1.49436664824796 0.124490657000972
55.786548976611 1.51080174770121 0.00390068440891457
56.0440332332691 1.49599786640768 -0.117635825755092
56.3019719852244 1.4505932550333 -0.231910585454023
56.5590957355831 1.37774069806157 -0.331178763940639
56.8141598268215 1.28278624436507 -0.408999845661358
57.0660800517277 1.17260954541694 -0.460866042995831
57.3140061251517 1.05480817577859 -0.48449144923068
57.557321253494 0.936923103307429 -0.479772910581091
57.7955977566377 0.825821177416164 -0.448520737435915
58.0285545091163 0.727261444757782 -0.394059795531457
58.2560539933274 0.645633237070032 -0.320762722181958
58.4781594655433 0.583859625322989 -0.233549804055296
58.6952548566226 0.543475417802171 -0.137394036852958
58.9082019596316 0.524886663130099 -0.03689986965511
59.1184424294858 0.527776659248107 0.0639291344325445
59.3278803596343 0.551518017913232 0.161608395473721
59.5385043995154 0.595358278045709 0.252813093901598
59.7519911599912 0.65827029289662 0.334026568232949
59.9695181592934 0.738607459994686 0.401450404491489
60.191772810348 0.833772009647125 0.451196839976173
60.4190490153559 0.940020773929651 0.479660535137168
60.6513600635654 1.05245418754141 0.483961403027783
60.888539049667 1.16519033075227 0.462371116331678
61.1303139975017 1.27169706254624 0.414657872657947
61.3763474904005 1.36523854664753 0.342310488823972
61.6262339561116 1.43939367571169 0.248627692188169
61.8794575303034 1.48861755108696 0.13866631756934
62.1353289861743 1.5088217022702 0.0190270338550512
62.3929364767685 1.49792139964687 -0.102563838303108
62.6511508954771 1.45624171004347 -0.217903941365559
62.8318530717959 1.41014143658651 -0.290796568970296
