0 3.04159265358979 0
0.01 3.04156771603426 -0.00498585033750856
0.03 3.04136852303255 -0.0149301396234821
0.07 3.04037460964156 -0.0347787141086571
0.15 3.03599924142353 -0.0748672624654753
0.304815472830191 3.01816601272026 -0.158014754085609
0.502603747976605 2.97482030603302 -0.287917843414319
0.713163648915582 2.89548478610281 -0.479959503630257
0.894084803281917 2.78866412807883 -0.716585409757373
1.05347245925461 2.6527898950426 -1.00485709959149
1.19925496023144 2.48204665097186 -1.35472917734314
1.3418170747628 2.25906581817799 -1.79180940256336
1.48340476966989 1.96907564894133 -2.32076305664235
1.63942041731034 1.55638786506497 -2.97658771200088
1.75744465178546 1.17614773199169 -3.45636960633841
1.86255327342688 0.793870252322958 -3.79672711183778
1.96431033116087 0.39664829788589 -3.98111147045159
2.06563414152283 -0.00820349355998995 -3.97645831510827
2.17153106506297 -0.41964269226727 -3.76037959672107
2.26503645228764 -0.756108306320308 -3.41690488777523
2.35565888412436 -1.04687228430996 -2.98909681030226
2.44481546257529 -1.29256435068766 -2.5176630604755
2.53842740136095 -1.50423598308014 -2.00416758441497
2.64688587239223 -1.6895808381341 -1.41659499065798
2.7970966382798 -1.84379809517502 -0.643531790535293
2.92950935755101 -1.88623242949383 -0.000718069062958349
3.05680610278033 -1.84821894224557 0.59727284401927
3.18587975129503 -1.73245733399204 1.19692011776196
3.33559490384111 -1.50156593016773 1.88493365091868
3.46813791014566 -1.21297464194218 2.45900346451411
3.58100379371256 -0.910986415426808 2.8754073798124
3.68888196417893 -0.584177596743091 3.15952378545692
3.79222541209914 -0.249788516917885 3.28435495092313
3.89724250380483 0.0942690393735344 3.23823032814926
3.99952447743581 0.416003093606585 3.02799843125571
4.09344098124203 0.686383019507562 2.71404769590458
4.18513925393948 0.91792842800606 2.32626257500044
4.27499293102819 1.10791397713346 1.89738536391286
4.36666965620705 1.26072912780634 1.43439937510592
4.46503425313853 1.37694733508985 0.928818040614022
4.57687151439036 1.44880698052072 0.3583010949639
4.71256853432438 1.45135480413865 -0.316438978237164
4.87574246530148 1.33571885282956 -1.09150687303481
5.00090922816798 1.16399579445834 -1.64278313747994
5.11314837012959 0.954367275381879 -2.07984287934192
5.22191614790021 0.708670796280186 -2.4202401569971
5.3259548416943 0.444472419563034 -2.63753008375618
5.42934103232304 0.166148138722349 -2.72286853315001
5.53674014402029 -0.1243249282694 -2.660717221332
5.64017103674721 -0.390304126158817 -2.4618179974664
5.73527710199743 -0.611552120410424 -2.1774912442402
5.82823273987396 -0.798173147310791 -1.82907584873711
5.91855839910108 -0.946288486722424 -1.44563708030588
6.00846450568265 -1.05805116569579 -1.03834260204864
6.10041542444205 -1.1338447988282 -0.609909268227065
6.19642623276627 -1.17080822600404 -0.161367994014096
6.2975626895902 -1.16351569926961 0.302614373977371
6.40307367161483 -1.10679331142412 0.767532092892672
6.51013755400484 -1.00067576960726 1.20711415162276
6.61566975951235 -0.852388623151114 1.59254023007425
6.71846351515369 -0.6720456231138 1.90275447557183
6.81957480710201 -0.467618015978885 2.12454429764459
6.92167980400617 -0.243513074950351 2.24613124406119
7.02816490149066 -0.00293529596930964 2.25096942821428
7.13971861298257 0.242192641256916 2.12223890658825
7.24094496863381 0.446478053534267 1.89949733230311
7.33441114422962 0.611462440709396 1.62169602836147
7.42611885446778 0.74568426241439 1.2995926676327
7.51553521511454 0.846586315073321 0.954151522607867
7.6038357242879 0.915068474279644 0.595824334935139
7.69225623847518 0.951590224209988 0.230724948452609
7.78172074543473 0.955750232486243 -0.135829581134361
7.87283101666614 0.926743231069146 -0.497506998746066
7.96576273184033 0.864113076461829 -0.845202138448122
8.06024588064014 0.768746713651355 -1.16625632794151
8.15596714899396 0.643266861063995 -1.44594512046915
8.25314339685902 0.491309880736823 -1.66942595017978
8.35290029213071 0.316436247637961 -1.82189379934869
8.45730890292198 0.121934334987833 -1.8866555227396
8.56823967146474 -0.0860458849601711 -1.84405979202017
8.6824157750442 -0.288578659406586 -1.68612589865428
8.78274826543817 -0.447203866707045 -1.46521388592771
8.88018050145208 -0.577058640761894 -1.1931510522932
8.9729492750874 -0.674172161067469 -0.896436496947693
9.06209036674437 -0.740482200173903 -0.589490398140967
9.14901375187285 -0.77828348434545 -0.280117144997428
9.2349519561963 -0.789125053547407 0.0265840640906495
9.32105529892627 -0.773810293886991 0.326625499812342
9.4083808036479 -0.732500710225245 0.615558315402285
9.49768839502305 -0.665175801424581 0.886602332526634
9.58944574522201 -0.57231384302911 1.13003856634697
9.68413471469638 -0.455207802541384 1.33389007640969
9.78264801758563 -0.315796652883984 1.48454769067119
9.8865545167628 -0.156552937021007 1.56634811674784
9.99763358110239 0.0180299809763155 1.56080203358139
10 0.0217221304834553 1.55964383369889
